[ 2.05300744e-01  4.47962310e-03  7.68453769e-01  2.07279301e-01
 -1.12162034e-01 -8.90032236e-01  8.48879611e-03 -1.59440294e-03
 -1.89867864e-02 -3.78595103e-02  1.12120438e-01 -4.83515331e-02
  4.46992498e-02 -4.79925414e-04 -1.06124968e-01  9.59618722e-02
  3.19881327e-01  1.60694024e-01  8.15776657e-01  2.12878471e-01]
[0.00327151 0.01186769 0.00553854 0.08883354 0.04172356 0.02174052
 0.00555497 0.00369256 0.00193665 0.05458967 0.04173248 0.02220304
 0.00327151 0.00479515 0.00530693 0.0810834  0.13310039 0.0613502
 0.30144106 0.16756123]
10.0
2622656
1.1920928955078125e-07
