[ 0.20216665  0.01015658  0.759734    0.18318683 -0.09598221 -0.91270078
  0.02296442 -0.00368778 -0.02364249 -0.06686325  0.0957206  -0.04504085
  0.04783334 -0.00243942 -0.09716331  0.11235059  0.30383139  0.15529874
  0.82075544  0.18658449]
[0.00328744 0.01389438 0.00417051 0.07679918 0.03326642 0.01414172
 0.00518423 0.00362584 0.00214251 0.05938658 0.03330473 0.01438259
 0.00328744 0.00461428 0.00393911 0.10534666 0.13702859 0.04724983
 0.31854512 0.15177072]
10.0
1147314
1.1920928955078125e-07
