[ 2.05345603e-01  4.46242343e-03  7.68654931e-01  2.08032343e-01
 -1.11456922e-01 -8.89764505e-01  7.74473539e-03 -1.45491329e-03
 -1.84870413e-02 -3.53851277e-02  1.11455632e-01 -4.74704297e-02
  4.46543904e-02 -3.64916318e-04 -1.06410723e-01  9.43202995e-02
  3.19890872e-01  1.59423387e-01  8.14470448e-01  2.12619900e-01]
[0.0032727  0.01171958 0.00552733 0.0887354  0.04233258 0.02155107
 0.00556976 0.0036501  0.00191129 0.05398001 0.04233405 0.0221755
 0.0032727  0.00478495 0.00529949 0.07917069 0.13216317 0.06177503
 0.30069939 0.16741268]
10.0
2786583
1.1920928955078125e-07
