[ 2.03855379e-01  6.66782646e-03  7.61090556e-01  1.83196177e-01
 -1.00823031e-01 -9.09281120e-01  1.94720755e-02 -3.37152219e-03
 -2.25518513e-02 -5.84323137e-02  1.00562609e-01 -4.53905666e-02
  4.61446197e-02 -3.36575406e-04 -9.79712203e-02  1.07053300e-01
  3.13488279e-01  1.59764570e-01  8.30025417e-01  1.90958323e-01]
[0.00321924 0.01369533 0.00422879 0.07933286 0.03517211 0.01497678
 0.00520799 0.00361018 0.00208983 0.06087277 0.03521118 0.01575151
 0.00321924 0.00474888 0.00398734 0.09863231 0.1344204  0.05013611
 0.31962625 0.15449324]
10.0
1311239
1.1920928955078125e-07
