[ 0.19672721  0.02073807  0.758706    0.19696151 -0.08123526 -0.92125791
  0.03189861 -0.00485493 -0.02647361 -0.09699526  0.08090713 -0.04241478
  0.05327279 -0.00356388 -0.09552163  0.12850293  0.26841423  0.14279935
  0.77465963  0.16609334]
[0.00347869 0.0134534  0.00391658 0.068633   0.02750465 0.00975324
 0.00529316 0.00384545 0.00235408 0.05810459 0.02753799 0.00951055
 0.00347869 0.00447151 0.00366547 0.12101599 0.14657169 0.03917571
 0.31462443 0.13850634]
10.0
819491
1.1920928955078125e-07
