[ 2.04527499e-01  5.45374596e-03  7.61961640e-01  1.85525755e-01
 -1.09121218e-01 -9.04043053e-01  1.74254105e-02 -3.33861385e-03
 -2.17533521e-02 -5.43116556e-02  1.08897282e-01 -4.83021920e-02
  4.54724992e-02  3.68131596e-04 -9.90718633e-02  1.08414110e-01
  3.12867132e-01  1.68213246e-01  8.29374805e-01  1.97835235e-01]
[0.00317973 0.01342371 0.00441662 0.08104334 0.03950831 0.01582729
 0.00525318 0.00364634 0.00204864 0.06072624 0.03954655 0.01695207
 0.00317973 0.00471936 0.00418535 0.09453052 0.13455963 0.0565118
 0.31549812 0.15869646]
10.0
1475172
1.1920928955078125e-07
