[ 2.05034015e-01  4.31419640e-03  7.66617484e-01  2.00634637e-01
 -1.09584423e-01 -8.94897208e-01  1.14118052e-02 -2.09063146e-03
 -2.01326689e-02 -4.35837058e-02  1.09507189e-01 -4.79892516e-02
  4.49659828e-02 -1.58608902e-05 -1.04197494e-01  9.87010998e-02
  3.20416300e-01  1.61617265e-01  8.22092745e-01  2.08488923e-01]
[0.00321907 0.01248666 0.00524605 0.08779315 0.03887601 0.02022685
 0.00543896 0.00369499 0.00198511 0.05753003 0.03888874 0.02064233
 0.00321907 0.00473352 0.00497657 0.0869623  0.13198067 0.05766256
 0.30724059 0.16502129]
10.0
2130871
1.1920928955078125e-07
