[ 0.16236745  0.04591242  0.76722218  0.28346925 -0.07438643 -0.92135863
  0.08763255 -0.02571914 -0.05907801 -0.28346925  0.07438643 -0.07864137
  0.08763255 -0.00998709 -0.10251525  0.18711713  0.02022196  0.15002914
  0.45729594  0.00394796]
[0.00313323 0.00765463 0.00304224 0.02900782 0.02672111 0.0094812
 0.00313323 0.00486719 0.00310623 0.02900782 0.02672111 0.0094812
 0.00313323 0.00318367 0.00302886 0.13590384 0.12143528 0.04092234
 0.13542635 0.00393238]
10.0
163882
1.1920928955078125e-07
