[ 0.17471303  0.02789692  0.75929803  0.21874186 -0.05971989 -0.92792883
  0.07138794 -0.01253826 -0.04753077 -0.20047026  0.05947593 -0.06541909
  0.07528697 -0.00113041 -0.09511787  0.15390646  0.12062474  0.14059651
  0.60999968  0.07259686]
[0.0035585  0.01111412 0.00277572 0.04905392 0.02935631 0.00912341
 0.00434734 0.0047177  0.0030064  0.05805476 0.02938315 0.00976679
 0.0035585  0.00366884 0.00261233 0.14239075 0.16246176 0.04458683
 0.28258493 0.06732656]
10.0
327769
1.1920928955078125e-07
