[ 0.20489626  0.00463734  0.76360189  0.19049183 -0.11271214 -0.90076326
  0.01501619 -0.00327317 -0.02110751 -0.04961562  0.11256175 -0.04800817
  0.04510374  0.00113456 -0.10092814  0.10674054  0.31505206  0.17019512
  0.82591072  0.20080093]
[0.00316516 0.0130716  0.00469697 0.08342569 0.04049049 0.01571823
 0.00533704 0.00368368 0.00202393 0.05987885 0.04051644 0.01671064
 0.00316516 0.00472021 0.0044687  0.09043562 0.1328182  0.05772088
 0.31073466 0.16047992]
10.0
1639096
1.1920928955078125e-07
