[ 2.05219339e-01  4.66261665e-03  7.67475998e-01  2.03594135e-01
 -1.09470672e-01 -8.94163548e-01  1.00101838e-02 -1.73605070e-03
 -1.96016379e-02 -4.08053107e-02  1.09439584e-01 -4.66062973e-02
  4.47806591e-02 -1.91512754e-04 -1.05176867e-01  9.72354259e-02
  3.21529762e-01  1.59681813e-01  8.19172418e-01  2.09481801e-01]
[0.0032463  0.0122074  0.00535504 0.08832657 0.03906246 0.01964814
 0.0054938  0.00369745 0.00195484 0.05629656 0.03906735 0.01999406
 0.0032463  0.00469281 0.00508731 0.08406075 0.13112696 0.05746918
 0.30475723 0.16559918]
10.0
2294796
1.1920928955078125e-07
