[ 0.20504119  0.00477717  0.76512952  0.19501755 -0.11218605 -0.89688984
  0.01360196 -0.00288531 -0.02105646 -0.04820687  0.11205028 -0.04971905
  0.04495881  0.00104092 -0.10255671  0.10641243  0.31782558  0.16808203
  0.82523653  0.20602501]
[0.00316054 0.01293541 0.00503401 0.0859479  0.04040136 0.01862183
 0.0053637  0.00373135 0.00204541 0.05938213 0.04042873 0.01933031
 0.00316054 0.00470036 0.00477948 0.08945838 0.13413787 0.05797778
 0.31145321 0.1635787 ]
10.0
1803019
1.1920928955078125e-07
