[ 2.05472707e-01  3.05360125e-03  7.70115031e-01  2.12514247e-01
 -1.11704675e-01 -8.89117761e-01  5.75467375e-03 -8.29233898e-04
 -1.76807104e-02 -3.12882951e-02  1.11718404e-01 -4.50301858e-02
  4.45272865e-02 -1.82732974e-04 -1.07697651e-01  8.56794371e-02
  3.24028039e-01  1.56683351e-01  8.11974882e-01  2.14006263e-01]
[0.00328635 0.01130425 0.0055098  0.08835108 0.04268332 0.02079499
 0.0056281  0.00362064 0.00187546 0.05303699 0.04268124 0.02157788
 0.00328635 0.00478932 0.00529403 0.07516514 0.13024041 0.06161376
 0.29847509 0.16820758]
10.0
3278362
1.1920928955078125e-07
