[ 2.05344818e-01  4.10287604e-03  7.69405007e-01  2.10523815e-01
 -1.11971209e-01 -8.89028875e-01  6.88596813e-03 -1.15219359e-03
 -1.82233020e-02 -3.39021128e-02  1.11993633e-01 -4.67757975e-02
  4.46551750e-02 -4.44212396e-04 -1.07091594e-01  9.20282421e-02
  3.20804000e-01  1.58810161e-01  8.12185298e-01  2.12789920e-01]
[0.00327877 0.01156268 0.00553652 0.0887343  0.04273413 0.02130142
 0.00559045 0.00364375 0.00190242 0.05367425 0.0427305  0.02200595
 0.00327877 0.00479958 0.0052888  0.07751654 0.13135912 0.06201565
 0.29980889 0.16751037]
10.0
2950511
1.1920928955078125e-07
