[ 0.19942538  0.01617396  0.7597463   0.19234046 -0.08395509 -0.91908417
  0.02682738 -0.00413755 -0.02487044 -0.08132137  0.08368469 -0.04058967
  0.05057462 -0.00372752 -0.09692351  0.11608813  0.29072861  0.1426147
  0.79696382  0.17459683]
[0.00339063 0.01349683 0.00415078 0.07297463 0.02844443 0.00982196
 0.0052418  0.00364332 0.00219773 0.05737945 0.02847613 0.00923265
 0.00339063 0.00456105 0.00392425 0.11157089 0.14216468 0.0399719
 0.31625055 0.14411278]
10.0
983397
1.1920928955078125e-07
