[ 2.04938049e-01  4.66809946e-03  7.65868644e-01  1.98710051e-01
 -1.12396579e-01 -8.95734715e-01  1.27927089e-02 -2.72764995e-03
 -2.07037415e-02 -4.77130026e-02  1.12241746e-01 -4.93687532e-02
  4.50619499e-02  3.98649757e-04 -1.03371240e-01  1.03146214e-01
  3.18700464e-01  1.66614990e-01  8.22313003e-01  2.07263424e-01]
[0.00319051 0.01270829 0.00516891 0.08703889 0.03994724 0.01855455
 0.00538241 0.00370722 0.00201941 0.05845719 0.03997224 0.01890872
 0.00319051 0.00469006 0.00491025 0.08890852 0.13270673 0.05829641
 0.30753953 0.1643053 ]
10.0
1966951
1.1920928955078125e-07
