[ 2.05048200e-01  4.55322184e-03  7.68449785e-01  2.06873911e-01
 -1.11335595e-01 -8.91015016e-01  9.12239793e-03 -1.65513379e-03
 -1.92299105e-02 -3.91610295e-02  1.11312030e-01 -4.79786153e-02
  4.49517985e-02 -1.18369620e-04 -1.06127731e-01  9.73344394e-02
  3.20330319e-01  1.60696215e-01  8.15949460e-01  2.08836913e-01]
[0.00327228 0.0120244  0.00555258 0.08935558 0.04039313 0.02115113
 0.00556395 0.00372098 0.00195958 0.05544081 0.04039868 0.02146731
 0.00327228 0.00477889 0.00532971 0.08254368 0.13369435 0.0591943
 0.30456336 0.16522406]
10.0
2458732
1.1920928955078125e-07
