[ 2.05309400e-01  3.61171074e-03  7.69912876e-01  2.12228404e-01
 -1.13097911e-01 -8.87978356e-01  6.34877829e-03 -9.23783368e-04
 -1.79909901e-02 -3.29658883e-02  1.13132557e-01 -4.68762444e-02
  4.46905939e-02 -3.88866065e-04 -1.07497544e-01  8.96980766e-02
  3.21197501e-01  1.59143095e-01  8.10713553e-01  2.13198636e-01]
[0.00328685 0.01143322 0.00554197 0.08871914 0.043509   0.02143429
 0.00561041 0.00364443 0.00188936 0.05339959 0.04350409 0.0222062
 0.00328685 0.00482675 0.00530299 0.07642914 0.1309905  0.0630569
 0.29881706 0.16774498]
10.0
3114443
1.1920928955078125e-07
