[ 0.19286905  0.01833907  0.75876594  0.20165626 -0.08882556 -0.92061651
  0.03875617 -0.0068436  -0.03021332 -0.11562848  0.08840986 -0.04811147
  0.05713095 -0.00416214 -0.09523333  0.13107502  0.24413631  0.15458369
  0.74995066  0.15300052]
[0.00354652 0.01334913 0.00364194 0.06612739 0.02891381 0.00886885
 0.00527936 0.00414146 0.00258848 0.06172238 0.02896033 0.00916253
 0.00354652 0.00462175 0.00344125 0.12990208 0.15259098 0.04119325
 0.31963577 0.12959136]
10.0
655586
1.1920928955078125e-07
