[ 0.18742645  0.02334048  0.75980014  0.20813188 -0.06612895 -0.9273637
  0.04880257 -0.01042687 -0.0365799  -0.14369035  0.06566064 -0.04919388
  0.06257355 -0.00525674 -0.09527055  0.13367581  0.21952764  0.134514
  0.71634188  0.12215664]
[0.00360466 0.01328119 0.00333493 0.05980577 0.02414479 0.00835411
 0.0052159  0.00447324 0.00287186 0.06317096 0.02419348 0.00894667
 0.00360466 0.00491227 0.00311571 0.13916761 0.16664338 0.03557825
 0.32700304 0.1072344 ]
10.0
491672
1.1920928955078125e-07
