[ 1.08833070e-01  9.34113761e-03  7.95073460e-01  6.96759200e-01
 -6.49106087e-02 -4.18010753e-01  3.92716473e-02  1.41092185e-01
  9.04172909e-03 -1.06087716e-01  1.41166953e-01 -1.80517814e-03
 -1.40381564e-01 -1.13881439e-02 -3.10961301e-02  1.96338075e-01
  2.60957249e-01  1.83050723e-05]
[3.27586144e-03 4.83872950e-03 9.47069662e-03 1.46140037e-01
 1.58038138e-02 1.44644004e-01 2.74501243e-02 3.29500855e-03
 2.06236028e-02 1.01408393e-02 3.27586166e-03 1.02502732e-02
 9.93247348e-03 8.70641957e-02 2.24371396e-01 1.13847154e-01
 1.45107809e-01 1.83047373e-05]
10.0
163889
1.1920928955078125e-07
