[ 0.10384217  0.02864797  0.7834852   0.24991915  0.00380645  0.68568746
  0.09415382  0.03699765  0.8054997   0.25        0.02499213  0.66123488
  0.1161443  -0.12879984  0.50754813  0.23808143  0.        ]
[5.58714107e-03 9.93587556e-03 1.04759297e-02 2.02048214e-05
 1.57364303e-02 5.03692797e-04 5.52777488e-03 9.05598544e-03
 9.55307159e-03 1.17346597e-13 9.02942772e-03 3.78658164e-04
 1.34176807e-01 4.36427212e-01 2.87779781e-01 2.52023986e-01
 0.00000000e+00]
10.0
163893
1.1920928955078125e-07
