[ 0.1926242  -0.00943842  0.77165573  0.17830851 -0.10646995 -0.87313604
  0.04226299 -0.01792686 -0.04682351 -0.10753382  0.10629162 -0.10115227
  0.0573758   0.0040123  -0.10869954  0.10605166  0.27065567  0.21133449
  0.7915138   0.14825062]
[0.00430145 0.01543437 0.00468445 0.10585377 0.06100359 0.02764634
 0.00591419 0.00692691 0.00470449 0.10000644 0.06103448 0.03102817
 0.00430145 0.00546072 0.00439107 0.08031844 0.16327783 0.13784085
 0.41118594 0.12627237]
10.0
655660
1.1920928955078125e-07
