[ 0.1370408   0.01109171  0.83528155  0.41120501 -0.01755009 -0.82389414
  0.1129592  -0.04388246 -0.12480002 -0.41120501  0.01755009 -0.17610586
  0.1129592   0.00194516 -0.16655308  0.10027808  0.10468336  0.14476573
  0.35294899  0.        ]
[0.00483403 0.01328487 0.00429301 0.07452555 0.05083741 0.02643793
 0.00483403 0.01345037 0.00515685 0.07452555 0.05083741 0.02643793
 0.00483403 0.00970155 0.00466137 0.10321687 0.2873159  0.11921319
 0.35503161 0.        ]
10.0
163881
1.1920928955078125e-07
