[ 0.17382431 -0.01699664  0.78879727  0.2054235  -0.11159938 -0.82837341
  0.07403956 -0.02457095 -0.07796155 -0.19538659  0.11156467 -0.16799219
  0.07617569  0.00750135 -0.12291612  0.13010236  0.19940439  0.26143052
  0.70525909  0.09601633]
[0.00539983 0.01806653 0.00526666 0.12928819 0.08735276 0.04250334
 0.00570034 0.01066478 0.00564324 0.1298833  0.08735072 0.04287945
 0.00539983 0.00747345 0.00510867 0.10162434 0.23289602 0.21136936
 0.52257893 0.08679719]
10.0
327788
1.1920928955078125e-07
