[ 0.1875463  -0.01461673  0.77645399  0.18292995 -0.09567193 -0.86380401
  0.05282773 -0.02021804 -0.05713642 -0.13783371  0.09546976 -0.11978575
  0.0624537   0.00446795 -0.1118348   0.09932071  0.26260621  0.21619697
  0.78306003  0.1350716 ]
[0.00476885 0.01603499 0.00484337 0.11346436 0.06460301 0.03315879
 0.00592884 0.00818109 0.00529838 0.11326443 0.06463186 0.03588092
 0.00476885 0.00629429 0.00460236 0.09024379 0.1930284  0.16173752
 0.46418812 0.11682726]
10.0
491717
1.1920928955078125e-07
