[ 0.19614731 -0.00818629  0.76887179  0.17640111 -0.10725424 -0.88062101
  0.0344414  -0.01579261 -0.03954574 -0.08556054  0.10699418 -0.08640971
  0.05385269  0.00281157 -0.10633014  0.10075591  0.28290867  0.20283077
  0.80422477  0.15470408]
[0.00403098 0.01459216 0.00447908 0.10089397 0.05708425 0.02390763
 0.00582965 0.00633168 0.00441392 0.0940977  0.05713322 0.02824026
 0.00403098 0.00526994 0.00414493 0.0745016  0.15175271 0.12142738
 0.39354903 0.13077073]
10.0
819597
1.1920928955078125e-07
