[ 0.11138521  0.0065206   0.82154767  0.41674176  0.08210881 -0.87538005
  0.13861479  0.00831553 -0.11075141 -0.41674176 -0.08210881 -0.12461995
  0.13861479  0.00581188 -0.15138462  0.27945876 -0.15787152  0.04138518
  0.06594568  0.        ]
[0.00146343 0.00754092 0.00231288 0.01899029 0.02433076 0.00997318
 0.00146343 0.01118203 0.00327862 0.01899029 0.02433076 0.00997318
 0.00146343 0.0056641  0.00331652 0.09041518 0.17062871 0.04001173
 0.10666723 0.        ]
10.0
2622306
1.1920928955078125e-07
