[ 0.10991767  0.00398352  0.82187471  0.43292273  0.07577508 -0.87035771
  0.14008233  0.00857236 -0.11212087 -0.43292273 -0.07577508 -0.12964229
  0.14008233  0.00529545 -0.1528026   0.25231619 -0.16662921  0.03077059
  0.04526582  0.        ]
[0.00111961 0.00623264 0.00191405 0.01869997 0.02017275 0.0104408
 0.00111961 0.01128434 0.00291976 0.01869997 0.02017275 0.0104408
 0.00111961 0.00555867 0.00294069 0.07998448 0.13745929 0.02827536
 0.06876788 0.        ]
10.0
1966732
1.1920928955078125e-07
