[ 0.11441915 -0.03495605  0.83958726  0.53861618 -0.00938895 -0.82373779
  0.13558085  0.04497528 -0.13049146 -0.53861618  0.00938895 -0.17626221
  0.13558085  0.01346489 -0.1722981   0.04267464 -0.08253471  0.03716839
  0.04286928  0.        ]
[0.00056374 0.0010834  0.00133721 0.01063322 0.01377039 0.00685692
 0.00056374 0.01824639 0.00221671 0.01063322 0.01377039 0.00685692
 0.00056374 0.00768173 0.00228169 0.02152574 0.05721745 0.02150997
 0.03190618 0.        ]
10.0
491683
1.1920928955078125e-07
