[ 0.11039187  0.00434293  0.82133062  0.43756642  0.07384757 -0.87014025
  0.13960813  0.0097379  -0.11152903 -0.43756642 -0.07384757 -0.12985975
  0.13960813  0.00517589 -0.15224393  0.2478883  -0.17348827  0.02679116
  0.03646206  0.        ]
[0.00108426 0.00536837 0.00154901 0.01830071 0.01783203 0.0098054
 0.00108426 0.0109602  0.00251353 0.01830071 0.01783203 0.0098054
 0.00108426 0.00544385 0.00255776 0.0763603  0.11599902 0.02389323
 0.05311486 0.        ]
10.0
1802838
1.1920928955078125e-07
