[ 0.11198121  0.00643425  0.82082672  0.41586002  0.08057993 -0.8765096
  0.13801879  0.00667904 -0.11028183 -0.41586002 -0.08057993 -0.1234904
  0.13801879  0.00434855 -0.1506506   0.2774198  -0.16078646  0.04206333
  0.06645267  0.        ]
[0.00150053 0.00733153 0.00222792 0.01765059 0.02522468 0.00942301
 0.00150053 0.01079763 0.00314681 0.01765059 0.02522468 0.00942301
 0.00150053 0.00559527 0.00316221 0.09168692 0.16303545 0.04015712
 0.1055356  0.        ]
10.0
2950100
1.1920928955078125e-07
