[ 0.11401767 -0.02377897  0.83353526  0.5112543   0.01620684 -0.84023385
  0.13598233  0.03226203 -0.12376505 -0.5112543  -0.01620684 -0.15976615
  0.13598233  0.00904264 -0.16519023  0.09439609 -0.11960942  0.02790566
  0.03215686  0.        ]
[0.0004313  0.00172088 0.00119187 0.01255755 0.01351348 0.00629244
 0.0004313  0.01653887 0.00218962 0.01255755 0.01351348 0.00629244
 0.0004313  0.00714882 0.0022328  0.03727092 0.04873592 0.01639026
 0.02427398 0.        ]
10.0
655576
1.1920928955078125e-07
