[ 0.11058849  0.00321994  0.82251028  0.42940461  0.07636815 -0.87079943
  0.13941151  0.00718929 -0.11241839 -0.42940461 -0.07636815 -0.12920057
  0.13941151  0.00456819 -0.15324736  0.25612601 -0.15800821  0.03623288
  0.05563313  0.        ]
[0.00134156 0.00672697 0.00212992 0.01884878 0.02192266 0.01071653
 0.00134156 0.01128378 0.00309316 0.01884878 0.02192266 0.01071653
 0.00134156 0.00561858 0.00313322 0.08264493 0.15595491 0.03431105
 0.08852892 0.        ]
10.0
2130625
1.1920928955078125e-07
