[ 0.11320728  0.00283628  0.82318779  0.45380325  0.07214697 -0.86747433
  0.13679272  0.00753099 -0.11488453 -0.45380325 -0.07214697 -0.13252567
  0.13679272  0.00319811 -0.15508628  0.22607157 -0.17647064  0.01793803
  0.02288376  0.        ]
[0.00038085 0.00372228 0.00108492 0.01585076 0.01477418 0.0057208
 0.00038085 0.01175353 0.00199969 0.01585076 0.01477418 0.0057208
 0.00038085 0.00531856 0.00206236 0.07034042 0.0535843  0.01297953
 0.02528635 0.        ]
10.0
1475047
1.1920928955078125e-07
