[ 0.11163826  0.00337583  0.82227939  0.4455663   0.07250711 -0.86864342
  0.13836174  0.00784591 -0.11342879 -0.4455663  -0.07250711 -0.13135658
  0.13836174  0.0034349  -0.15373276  0.23613429 -0.17448083  0.02268606
  0.02984864  0.        ]
[0.00081103 0.00453647 0.00134121 0.01702434 0.01658342 0.00806426
 0.00081103 0.01134734 0.00226387 0.01702434 0.01658342 0.00806426
 0.00081103 0.00538469 0.00232254 0.0729866  0.08701489 0.01886403
 0.03921132 0.        ]
10.0
1638943
1.1920928955078125e-07
