[ 0.11435849 -0.01638771  0.83121741  0.4984427   0.03481505 -0.84761576
  0.13564151  0.01821783 -0.12153979 -0.4984427  -0.03481505 -0.15238424
  0.13564151  0.00455707 -0.16272929  0.12889072 -0.13526212  0.02335614
  0.02676647  0.        ]
[0.00035957 0.00213686 0.00103431 0.0122282  0.01417806 0.00548407
 0.00035957 0.01581858 0.00196431 0.0122282  0.01417806 0.00548407
 0.00035957 0.00671649 0.00201659 0.04455046 0.04193839 0.01422717
 0.02071448 0.        ]
10.0
819469
1.1920928955078125e-07
