[ 1.18058246e-01  4.88611173e-03  8.16117004e-01  4.07360465e-01
  5.77345590e-02 -8.78569159e-01  1.31941754e-01  4.68114268e-03
 -1.06144509e-01 -4.07360465e-01 -5.77345590e-02 -1.21430841e-01
  1.31941753e-01  3.54126563e-03 -1.46497528e-01  2.74763483e-01
 -1.43390242e-01  5.93302568e-02  1.04074949e-01  5.69874795e-04]
[0.00231704 0.00729152 0.00250112 0.01850051 0.0316069  0.00873302
 0.00231704 0.01049517 0.00332744 0.01850051 0.0316069  0.00873302
 0.00231704 0.00553268 0.0032973  0.0919236  0.15917734 0.04493863
 0.13125489 0.00056955]
10.0
3277913
1.1920928955078125e-07
