[ 0.11172452  0.00655776  0.82145072  0.41561978  0.08241058 -0.8760411
  0.13827548  0.00762077 -0.1106484  -0.41561978 -0.08241058 -0.1239589
  0.13827548  0.00523599 -0.15122622  0.28047257 -0.15766916  0.0421149
  0.06751439  0.        ]
[0.0014852  0.00753964 0.00233015 0.01857506 0.024685   0.00976064
 0.0014852  0.01101054 0.00328144 0.01857506 0.024685   0.00976064
 0.0014852  0.00567006 0.00329838 0.09123875 0.17194029 0.04081498
 0.10942063 0.        ]
10.0
2786200
1.1920928955078125e-07
