[ 0.11086533  0.00364457  0.82240514  0.42604563  0.07769732 -0.87222483
  0.13913467  0.00636402 -0.11238503 -0.42604563 -0.07769732 -0.12777517
  0.13913467  0.00538957 -0.15311084  0.26061165 -0.15627555  0.03822758
  0.0601277   0.        ]
[0.00140656 0.00706578 0.00216055 0.01862783 0.02275682 0.01028746
 0.00140656 0.01133462 0.0031216  0.01862783 0.02275682 0.01028746
 0.00140656 0.00562378 0.00314468 0.08522329 0.16107509 0.03658504
 0.09674312 0.        ]
10.0
2294518
1.1920928955078125e-07
