[ 0.11376649  0.00574675  0.81897944  0.41458447  0.07099154 -0.87704651
  0.13623351  0.00501869 -0.10897628 -0.41458447 -0.07099154 -0.12295349
  0.13623351  0.003549   -0.14923327  0.2738294  -0.15884201  0.04785247
  0.07570973  0.        ]
[0.00173766 0.0071093  0.00228382 0.01715299 0.02770108 0.00901528
 0.00173766 0.01056907 0.00314708 0.01715299 0.02770108 0.00901528
 0.00173766 0.00549304 0.00314448 0.0920423  0.1563085  0.04147607
 0.10930365 0.        ]
10.0
3114016
1.1920928955078125e-07
