[ 0.113291   -0.00459633  0.82719541  0.4716523   0.05909728 -0.85799613
  0.136709    0.01070564 -0.11764083 -0.4716523  -0.05909728 -0.14200387
  0.136709    0.0039384  -0.15789164  0.1919063  -0.15347543  0.02229808
  0.02855573  0.        ]
[0.00047214 0.00372203 0.00120491 0.01546682 0.01595004 0.00647741
 0.00047214 0.01367202 0.00221393 0.01546682 0.01595004 0.00647741
 0.00047214 0.00603306 0.00225981 0.06568618 0.06412598 0.01615388
 0.03176938 0.        ]
10.0
1147258
1.1920928955078125e-07
