[ 1.13209200e-01 -2.75463412e-04  8.24788087e-01  4.60901483e-01
  6.61854825e-02 -8.63452985e-01  1.36790800e-01  8.42283987e-03
 -1.15485029e-01 -4.60901483e-01 -6.61854825e-02 -1.36547015e-01
  1.36790800e-01  3.44842259e-03 -1.55822873e-01  2.12168618e-01
 -1.67081229e-01  1.99777921e-02  2.54766198e-02  0.00000000e+00]
[0.00042168 0.00374536 0.00116034 0.01615036 0.01533997 0.00614793
 0.00042168 0.01260873 0.00214661 0.01615036 0.01533997 0.00614793
 0.00042168 0.00558627 0.00220295 0.06892098 0.05871137 0.01447963
 0.02821306 0.        ]
10.0
1311153
1.1920928955078125e-07
