[ 0.11413028 -0.0077605   0.82815653  0.48117633  0.05081723 -0.85501999
  0.13586972  0.01477512 -0.11837621 -0.48117633 -0.05081723 -0.14498001
  0.13586972  0.004119   -0.15932824  0.17083422 -0.15232898  0.02051832
  0.02352309  0.        ]
[0.00031312 0.00285284 0.00097693 0.01438987 0.01521299 0.00522492
 0.00031312 0.01438535 0.00189071 0.01438987 0.01521299 0.00522492
 0.00031312 0.00621595 0.00197446 0.06071583 0.03807391 0.01275794
 0.0184935  0.        ]
10.0
983364
1.1920928955078125e-07
