[ 0.11119724  0.00562     0.82170728  0.42130236  0.08041033 -0.87413936
  0.13880276  0.00789132 -0.1113995  -0.42130236 -0.08041033 -0.12586064
  0.13880276  0.00526469 -0.15191314  0.27105323 -0.15926378  0.03897716
  0.06127839  0.        ]
[0.00145116 0.00717747 0.00213192 0.01860395 0.02335888 0.00995608
 0.00145116 0.01115393 0.00308371 0.01860395 0.02335888 0.00995608
 0.00145116 0.00564839 0.00312756 0.0880006  0.15950714 0.03748193
 0.098942   0.        ]
10.0
2458412
1.1920928955078125e-07
