[ 0.11443911 -0.04294932  0.84065735  0.54240983 -0.03909667 -0.8156016
  0.13556089  0.06058758 -0.13162321 -0.54240983  0.03909667 -0.1843984
  0.13556089  0.01916688 -0.1745297   0.01112859 -0.05870507  0.05407408
  0.06429564  0.        ]
[0.00082368 0.00117501 0.00185381 0.01357506 0.0163275  0.00915452
 0.00082368 0.0186822  0.00262345 0.01357506 0.0163275  0.00915452
 0.00082368 0.00844388 0.00281463 0.02337379 0.0811431  0.03078504
 0.04648193 0.        ]
10.0
327789
1.1920928955078125e-07
