[ 0.11568016 -0.04419069  0.84311195  0.55756072 -0.04164279 -0.81054794
  0.13431984  0.06997656 -0.13619199 -0.55756072  0.04164279 -0.18945206
  0.13431984  0.02030985 -0.17829116 -0.00146222 -0.04898507  0.03966568
  0.06463811  0.        ]
[0.00065234 0.00109706 0.00116036 0.00873014 0.01672326 0.00495058
 0.00065234 0.01762783 0.00175218 0.00873014 0.01672326 0.00495058
 0.00065234 0.00775715 0.00190765 0.02968111 0.03103131 0.02631897
 0.02252886 0.        ]
10.0
163895
1.1920928955078125e-07
