[ 1.98380189e-01 -2.63099255e-04  7.57417529e-01  2.20007845e-01
  1.16372440e-03  7.30537160e-01  2.49999970e-01  6.13921276e-03
  6.56084671e-01  9.66706616e-02  2.49936350e-01  2.81864195e-01
  7.26050641e-01  2.21109271e-01  2.31876864e-01]
[3.20582189e-03 1.02107485e-02 6.34590090e-03 2.97034833e-03
 1.45887885e-02 5.49111537e-03 8.06338061e-10 1.20053584e-02
 4.22091044e-04 7.95450606e-02 1.40331344e-01 1.12923158e-01
 2.78833392e-01 1.72219961e-01 1.78109984e-01]
10.0
1311528
1.1920928955078125e-07
