[ 1.97322888e-01 -1.39600778e-04  7.57157405e-01  2.21778271e-01
  1.04845465e-03  7.28383326e-01  2.49999973e-01  4.81152768e-03
  6.55721643e-01  8.51518984e-02  2.59436351e-01  2.58906107e-01
  7.33370119e-01  2.18508265e-01  2.18176257e-01]
[3.25691788e-03 1.03339652e-02 6.56998344e-03 2.84544437e-03
 1.49983691e-02 5.28436804e-03 6.83063116e-10 1.20817922e-02
 4.15110504e-04 8.09020197e-02 1.49648949e-01 1.04281204e-01
 2.88107078e-01 1.70762403e-01 1.70575378e-01]
10.0
1147563
1.1920928955078125e-07
