[ 0.20617343  0.00429588  0.77693046  0.25142505 -0.18697094 -0.83251299
  0.00520232 -0.00561453 -0.02400581 -0.07051467  0.18569182 -0.10155822
  0.04382658  0.00298814 -0.11365947  0.11884059  0.33819335  0.28711807
  0.80754878  0.22373776]
[0.00332291 0.01185184 0.00605703 0.10690825 0.06444881 0.0373924
 0.00475171 0.00490898 0.00375438 0.08404365 0.06423072 0.03193508
 0.00332291 0.00514075 0.00572519 0.08958577 0.14201415 0.11357541
 0.36861609 0.17367918]
10.0
2130959
1.1920928955078125e-07
