[ 0.20769471  0.00597784  0.77535179  0.24666178 -0.1715962  -0.83736313
  0.00595865 -0.00710821 -0.02496212 -0.07659301  0.17042445 -0.10070677
  0.0423053   0.00266723 -0.11214363  0.12038207  0.34797287  0.27663316
  0.82479207  0.22462273]
[0.00327174 0.01223659 0.00573247 0.10693542 0.06371911 0.0378812
 0.00468551 0.00504064 0.00404024 0.09003138 0.06346404 0.0333432
 0.00327174 0.00498433 0.00542534 0.09268276 0.14681093 0.11463035
 0.38444568 0.17416736]
10.0
1803090
1.1920928955078125e-07
