[ 0.20863556  0.01048151  0.77544715  0.24351194 -0.14251658 -0.84893632
  0.00847174 -0.00883765 -0.02849893 -0.08960043  0.14157886 -0.0950639
  0.04136444  0.00170887 -0.11145424  0.11680853  0.36815716  0.24494263
  0.83714735  0.22636396]
[0.00327677 0.01278758 0.00570827 0.10660543 0.05853921 0.03455348
 0.0048097  0.00537124 0.00451382 0.09367496 0.05822117 0.02948593
 0.00327677 0.00512732 0.00543296 0.09269959 0.14452685 0.10666977
 0.38680284 0.17512332]
10.0
1311313
1.1920928955078125e-07
