[ 0.20821853  0.00745345  0.77525901  0.24611697 -0.16232726 -0.83716131
  0.0067888  -0.00785764 -0.02636322 -0.08245561  0.16123271 -0.10327821
  0.04178147  0.00232394 -0.11205248  0.12176865  0.35463788  0.2701444
  0.83345243  0.225238  ]
[0.00326742 0.01251455 0.0057947  0.10875099 0.06398242 0.03950385
 0.00464132 0.00512195 0.0042065  0.0926661  0.06371757 0.03481482
 0.00326742 0.00503433 0.00548525 0.0956268  0.15098426 0.11729915
 0.39331074 0.17450585]
10.0
1639155
1.1920928955078125e-07
