[ 0.2032368   0.00285691  0.77964572  0.26266697 -0.21097076 -0.82428259
  0.00500867 -0.00390666 -0.02341044 -0.06697285  0.20926906 -0.10428834
  0.0467632   0.00105402 -0.11648003  0.12094912  0.32357754  0.30799928
  0.77476093  0.22333192]
[0.00345564 0.01129574 0.00653507 0.10524887 0.06211486 0.03969191
 0.00489403 0.00469442 0.00329521 0.0763983  0.06192108 0.03176005
 0.00345564 0.00558988 0.00615376 0.08898085 0.13921144 0.11211289
 0.33925851 0.17345478]
10.0
2950644
1.1920928955078125e-07
