[ 2.04051901e-01  5.08813269e-03  7.78771123e-01  2.61818651e-01
 -2.01127901e-01 -8.24069719e-01  5.71054470e-03 -4.59687789e-03
 -2.41384156e-02 -7.33121283e-02  1.99658249e-01 -1.07196154e-01
  4.59481006e-02  3.09730716e-04 -1.15301746e-01  1.23104216e-01
  3.27206736e-01  3.02347778e-01  7.87058587e-01  2.25813011e-01]
[0.00340186 0.01167302 0.00652946 0.10773557 0.06439666 0.03977545
 0.00476914 0.00479706 0.00356799 0.08128402 0.06414028 0.03225371
 0.00340186 0.00570507 0.00618203 0.09354086 0.14174741 0.11707957
 0.35519057 0.1748215 ]
10.0
2458822
1.1920928955078125e-07
