[ 0.20713071  0.00524346  0.77572414  0.24956252 -0.18251996 -0.83451107
  0.00526815 -0.00643552 -0.0239736  -0.07348841  0.18133039 -0.10134473
  0.0428693   0.00303804 -0.11255863  0.12271123  0.33980896  0.28676918
  0.81437511  0.22522614]
[0.00326179 0.01204046 0.00573531 0.1060132  0.06449963 0.03748348
 0.00469511 0.00495373 0.00385099 0.08700772 0.06427277 0.03266938
 0.00326179 0.00506092 0.0054291  0.09131597 0.14268905 0.11484251
 0.37554365 0.17449933]
10.0
1967023
1.1920928955078125e-07
