[ 0.206097    0.02259071  0.80139403  0.28636296 -0.06984463 -0.80806226
  0.02847222 -0.03187965 -0.07622994 -0.21392594  0.0690489  -0.16549224
  0.043903    0.00142096 -0.13704516  0.13241439  0.48173174  0.19011825
  0.85865835  0.1792098 ]
[0.00417995 0.01530151 0.00903081 0.1529046  0.06290737 0.04434143
 0.00546092 0.01009351 0.00864467 0.15822457 0.06222431 0.03812518
 0.00417995 0.0052049  0.00840493 0.0897628  0.16324512 0.10277631
 0.53846069 0.14709365]
10.0
327789
1.1920928955078125e-07
