[ 2.03475577e-01  3.68258589e-03  7.79215459e-01  2.62415530e-01
 -2.09293046e-01 -8.24194463e-01  5.40127474e-03 -3.94724754e-03
 -2.36749664e-02 -6.97064708e-02  2.07688857e-01 -1.05495780e-01
  4.65244246e-02  6.97696772e-04 -1.15978347e-01  1.23585374e-01
  3.24931915e-01  3.08011527e-01  7.78244465e-01  2.24186109e-01]
[0.00345515 0.01144114 0.00653205 0.10563882 0.06226631 0.0401329
 0.00484607 0.00470991 0.00338967 0.07787695 0.06203623 0.03210504
 0.00345515 0.00555282 0.00614977 0.09142769 0.1416137  0.11286434
 0.34362956 0.1739267 ]
10.0
2786707
1.1920928955078125e-07
