[ 1.89341774e-01  4.50210488e-02  8.29640640e-01  3.90998490e-01
  3.71155263e-02 -7.87063554e-01  5.98005350e-02 -5.54908838e-02
 -1.18835148e-01 -3.86934495e-01 -3.71247804e-02 -2.11456997e-01
  6.06582257e-02  1.09379933e-04 -1.63060167e-01  1.65071218e-01
  4.85493815e-01  8.83020419e-02  7.24095230e-01  1.27371356e-01]
[0.0047514  0.01575661 0.00994879 0.15632849 0.02758474 0.04236037
 0.00495001 0.01420072 0.00967872 0.15871105 0.0275793  0.04289488
 0.0047514  0.00667238 0.00944172 0.10155057 0.189509   0.04820243
 0.58586285 0.11114789]
10.0
163883
1.1920928955078125e-07
