[ 2.08421138e-01  9.00336826e-03  7.78004925e-01  2.33478186e-01
 -1.20254132e-01 -8.61298959e-01  8.41827959e-03 -8.72251159e-03
 -3.06897471e-02 -7.82835352e-02  1.19263698e-01 -8.22005139e-02
  4.15788567e-02  8.35378666e-04 -1.13994011e-01  9.56623974e-02
  3.96322115e-01  2.11369432e-01  8.48659261e-01  2.20433509e-01]
[0.00336418 0.01290331 0.00595623 0.10702645 0.05155619 0.03060837
 0.0050227  0.00549924 0.00481343 0.09331095 0.05118939 0.02524114
 0.00336418 0.005217   0.00567146 0.07812516 0.13662501 0.08583733
 0.39859876 0.17184258]
10.0
1147380
1.1920928955078125e-07
