[ 2.07835945e-01  9.57751821e-03  7.80879078e-01  2.42173766e-01
 -1.21589906e-01 -8.56081431e-01  1.26717728e-02 -1.22989245e-02
 -3.84832504e-02 -1.04172761e-01  1.20614695e-01 -9.36667342e-02
  4.21640518e-02  2.74467496e-04 -1.17117725e-01  1.06950268e-01
  4.03256197e-01  2.15048711e-01  8.47731479e-01  2.28161861e-01]
[0.00346518 0.01376167 0.00636231 0.11204367 0.05143879 0.03020991
 0.00496932 0.00637463 0.00579923 0.10674073 0.05107482 0.02710225
 0.00346518 0.00529075 0.00599602 0.08574256 0.14241995 0.08340282
 0.41139314 0.17610403]
10.0
819541
1.1920928955078125e-07
