[ 2.02882498e-01  3.46113964e-03  7.80459428e-01  2.67702051e-01
 -2.14355389e-01 -8.23084767e-01  4.09461560e-03 -3.78034158e-03
 -2.28078115e-02 -6.61190100e-02  2.12455971e-01 -1.03305361e-01
  4.71175022e-02  5.05285901e-04 -1.17386512e-01  1.24980302e-01
  3.17031894e-01  3.10255613e-01  7.65809972e-01  2.24032290e-01]
[0.00345768 0.01115014 0.0066713  0.10506721 0.06172425 0.03812741
 0.00504202 0.00468947 0.00317357 0.07492493 0.06160852 0.03093578
 0.00345768 0.00553075 0.00628626 0.08937201 0.13895387 0.11108632
 0.32978483 0.17384182]
10.0
3278514
1.1920928955078125e-07
