[ 0.20478289  0.0035212   0.7788822   0.25666115 -0.19508983 -0.8277191
  0.0052023  -0.00482257 -0.02438615 -0.06922325  0.19368168 -0.10395566
  0.04521712  0.0021183  -0.11559219  0.1159502   0.33548035  0.29240456
  0.79588508  0.22128875]
[0.00339214 0.01160518 0.00646123 0.10776592 0.06477081 0.03840939
 0.00475079 0.0048518  0.00369641 0.08119012 0.06453915 0.03157108
 0.00339214 0.00521806 0.00611428 0.08804767 0.14101736 0.11342513
 0.36231018 0.17232004]
10.0
2294893
1.1920928955078125e-07
