[ 2.08356946e-01  1.10139770e-02  7.79478368e-01  2.40869053e-01
 -1.22845687e-01 -8.58651924e-01  9.89506069e-03 -1.02939574e-02
 -3.42621132e-02 -9.23182695e-02  1.21798291e-01 -8.72615496e-02
  4.16430493e-02  4.61636684e-04 -1.15668272e-01  1.01124669e-01
  3.96478146e-01  2.16049220e-01  8.41344934e-01  2.25054730e-01]
[0.00337366 0.01301832 0.00600223 0.1066917  0.05140808 0.03150815
 0.00501299 0.00582553 0.00522969 0.09840722 0.05102833 0.0262142
 0.00337366 0.00512086 0.0056861  0.08072483 0.13542787 0.08805842
 0.39425735 0.1744051 ]
10.0
983463
1.1920928955078125e-07
