[ 0.20829001  0.01054142  0.78416441  0.25050609 -0.1086853  -0.85137442
  0.01565511 -0.01543515 -0.04550573 -0.12847663  0.1078881  -0.10415149
  0.04170999  0.00246014 -0.11993566  0.11510205  0.41669064  0.20226677
  0.85337343  0.22373139]
[0.00358877 0.01388538 0.00695679 0.11957443 0.0513233  0.02969809
 0.00511898 0.00691638 0.00643069 0.11765636 0.050992   0.0285537
 0.00358877 0.00548547 0.006585   0.09025586 0.14902544 0.07756636
 0.4339588  0.17367566]
10.0
655621
1.1920928955078125e-07
