[ 0.20797718  0.01145201  0.79208385  0.26468839 -0.09056699 -0.83734936
  0.01978165 -0.02175829 -0.05757616 -0.16044673  0.08986958 -0.12464339
  0.04202282  0.00113889 -0.12685435  0.11080033  0.45235292  0.19262469
  0.86438545  0.20749966]
[0.00378678 0.01455083 0.00763137 0.13172648 0.05415075 0.03470652
 0.00523291 0.0079314  0.00735509 0.13404445 0.0536983  0.03219785
 0.00378678 0.00566505 0.00719587 0.08954467 0.15648226 0.0832689
 0.47925692 0.16444355]
10.0
491702
1.1920928955078125e-07
