[ 0.20867158  0.00854037  0.77382774  0.24298508 -0.1572453  -0.8388638
  0.00830082 -0.00855144 -0.02706541 -0.08852505  0.15634332 -0.1049721
  0.04132842  0.00237516 -0.11020649  0.12671246  0.35182811  0.26690316
  0.83762705  0.22476878]
[0.00322526 0.01281673 0.00551811 0.10830897 0.06506489 0.03916585
 0.00456179 0.00521487 0.00437457 0.09579284 0.06478968 0.03574632
 0.00322526 0.00504294 0.00519987 0.09744238 0.15180985 0.11983939
 0.39512896 0.17424778]
10.0
1475236
1.1920928955078125e-07
