[ 2.03581109e-01  4.22304979e-03  7.79220340e-01  2.62536771e-01
 -2.07366903e-01 -8.22546057e-01  5.59446751e-03 -4.00755649e-03
 -2.39165481e-02 -7.12549927e-02  2.05812842e-01 -1.07679949e-01
  4.64188919e-02  5.56453812e-04 -1.15869786e-01  1.24833385e-01
  3.27071318e-01  3.08167408e-01  7.81544282e-01  2.26165357e-01]
[0.00347265 0.01158352 0.00657191 0.10680872 0.06358995 0.04109276
 0.00480298 0.00474721 0.00348179 0.07949746 0.06332614 0.03288286
 0.00347265 0.0056203  0.00620132 0.09313262 0.14460058 0.11573449
 0.34918797 0.17501459]
10.0
2622758
1.1920928955078125e-07
