[ 2.03232828e-01  2.38621830e-03  7.79892607e-01  2.63495998e-01
 -2.13235706e-01 -8.24733859e-01  4.40429316e-03 -3.76560194e-03
 -2.29601565e-02 -6.49424440e-02  2.11451043e-01 -1.02770040e-01
  4.67671724e-02  6.51715113e-04 -1.16733747e-01  1.20643755e-01
  3.21348270e-01  3.08620782e-01  7.71980746e-01  2.23373689e-01]
[0.0034513  0.01117269 0.0065249  0.10454503 0.06182089 0.03854856
 0.00497081 0.00469904 0.00320908 0.07527346 0.06166489 0.03117214
 0.0034513  0.00556952 0.00614221 0.08777734 0.13821057 0.11081665
 0.33480558 0.17347788]
10.0
3114579
1.1920928955078125e-07
