[ 1.84644428e-01  2.34056275e-02  7.83682855e-01  3.32975734e-01
 -2.61484275e-02 -8.71935033e-01  6.53555716e-02 -2.03519350e-02
 -7.67422560e-02 -3.32975734e-01  2.61484275e-02 -1.28064967e-01
  6.53555707e-02 -8.29050314e-03 -1.17529430e-01  2.44989606e-01
  1.66942354e-01  1.37007802e-01  5.19286544e-01  4.97249873e-04]
[0.00184808 0.00811437 0.00363098 0.04335479 0.06087968 0.02393826
 0.00184808 0.00398079 0.00378897 0.04335479 0.06087968 0.02393826
 0.00184808 0.00263114 0.00371094 0.10066551 0.03622839 0.09234513
 0.11033189 0.000497  ]
10.0
327803
1.1920928955078125e-07
