[ 0.18352881  0.00428362  0.77700165  0.31523147 -0.14112021 -0.82564326
  0.06647119 -0.01275399 -0.07020924 -0.31523147  0.14112021 -0.17435674
  0.06647119 -0.00789597 -0.1124953   0.19272263  0.18385516  0.25358538
  0.5750477   0.00099445]
[0.00345068 0.00891652 0.00592357 0.07439972 0.08392797 0.04069976
 0.00345068 0.0055602  0.00614334 0.07439972 0.08392797 0.04069976
 0.00345068 0.00330551 0.00597761 0.11601711 0.06365811 0.15505832
 0.20395815 0.00099347]
10.0
163909
1.1920928955078125e-07
