[ 1.80175771e-01  6.18455632e-02  8.19404261e-01  3.54349300e-01
  1.06777545e-01 -8.67955797e-01  6.98242287e-02 -6.21327108e-02
 -1.11322877e-01 -3.54349300e-01 -1.06777545e-01 -1.32044203e-01
  6.98242285e-02 -2.04719020e-02 -1.52886471e-01  3.83454271e-01
  2.48741319e-01  9.34911134e-02  5.19052312e-01  1.10500683e-04]
[3.07014198e-03 9.81619325e-03 8.93155462e-03 2.37155186e-02
 6.53615008e-02 2.06108683e-02 3.07014198e-03 8.57642147e-03
 9.23139659e-03 2.37155186e-02 6.53615008e-02 2.06108683e-02
 3.07014205e-03 4.11711092e-03 9.11695783e-03 1.19325796e-01
 3.31821979e-01 7.05663189e-02 1.99910159e-01 1.10488473e-04]
10.0
1475104
1.1920928955078125e-07
