[ 1.76910011e-01  5.22441592e-02  7.92228880e-01  3.43479017e-01
  8.13356362e-02 -8.98349632e-01  7.30899893e-02 -5.05012349e-02
 -8.39613527e-02 -3.43479017e-01 -8.13356362e-02 -1.01650368e-01
  7.30899890e-02 -1.36576088e-02 -1.25279201e-01  3.40219645e-01
  1.15955334e-01  5.42445621e-02  4.29920442e-01  1.42076531e-04]
[0.00123944 0.00722421 0.00195957 0.02201151 0.03637534 0.00998779
 0.00123944 0.00488692 0.00207895 0.02201151 0.03637534 0.00998779
 0.00123944 0.00284255 0.00204462 0.09052749 0.03602472 0.03715476
 0.04732676 0.00014206]
10.0
1147269
1.1920928955078125e-07
