[ 1.84930611e-01  4.08740570e-02  7.91558872e-01  3.51406598e-01
  5.18229544e-02 -8.89055272e-01  6.50693891e-02 -3.42380716e-02
 -8.33632844e-02 -3.51406598e-01 -5.18229544e-02 -1.10944728e-01
  6.50693886e-02 -1.33434271e-02 -1.22931787e-01  3.00284382e-01
  1.60675311e-01  7.11424355e-02  4.76487257e-01  2.48631383e-04]
[0.00104181 0.00696583 0.00250203 0.02851204 0.04107903 0.01381746
 0.00104181 0.00432606 0.002557   0.02851204 0.04107903 0.01381746
 0.00104181 0.00261789 0.00249465 0.087172   0.02210326 0.05069104
 0.06101861 0.00024857]
10.0
655589
1.1920928955078125e-07
