[ 1.82597739e-01  4.61981380e-02  7.92509468e-01  3.51843997e-01
  6.86442338e-02 -8.91925780e-01  6.74022605e-02 -4.58486385e-02
 -8.50150469e-02 -3.51843997e-01 -6.86442338e-02 -1.08074220e-01
  6.74022601e-02 -1.39471235e-02 -1.24948739e-01  3.23101041e-01
  1.44164726e-01  6.08873381e-02  4.55106234e-01  1.98905896e-04]
[0.00092304 0.00675715 0.00217923 0.02487041 0.03871282 0.01237897
 0.00092304 0.00480187 0.0022656  0.02487041 0.03871282 0.01237897
 0.00092304 0.00275636 0.00221869 0.08550983 0.02069935 0.04482425
 0.05234219 0.00019887]
10.0
819483
1.1920928955078125e-07
