[ 1.72698288e-01  5.91269326e-02  7.97706801e-01  3.40337883e-01
  8.05459383e-02 -8.89667216e-01  7.73017119e-02 -5.78605940e-02
 -8.95647465e-02 -3.40337883e-01 -8.05459383e-02 -1.10332784e-01
  7.73017117e-02 -1.73159796e-02 -1.31064419e-01  3.56853100e-01
  1.24741466e-01  7.47308224e-02  4.33374194e-01  1.24315881e-04]
[0.00175888 0.00905816 0.00311252 0.02152802 0.0535018  0.01114493
 0.00175888 0.00688643 0.00329801 0.02152802 0.0535018  0.01114493
 0.00175888 0.00350957 0.00321986 0.10593774 0.09087844 0.05552838
 0.0762546  0.0001243 ]
10.0
1311176
1.1920928955078125e-07
