[ 1.77105581e-01  6.12173984e-02  8.27495820e-01  3.60090515e-01
  1.17815668e-01 -8.59051086e-01  7.28944187e-02 -6.30483227e-02
 -1.19114627e-01 -3.60090515e-01 -1.17815668e-01 -1.40948914e-01
  7.28944185e-02 -2.10696037e-02 -1.60737928e-01  3.84722323e-01
  2.62958110e-01  8.59399581e-02  5.19827295e-01  9.94497925e-05]
[3.31526844e-03 9.48993962e-03 1.18650221e-02 2.78200784e-02
 6.50642528e-02 2.56012134e-02 3.31526844e-03 8.36435819e-03
 1.24001455e-02 2.78200784e-02 6.50642528e-02 2.56012134e-02
 3.31526851e-03 4.15276134e-03 1.20162338e-02 1.14933882e-01
 4.07687920e-01 6.44689918e-02 2.21943404e-01 9.94399022e-05]
10.0
1639018
1.1920928955078125e-07
