[ 1.76009186e-01  6.21578710e-02  8.29942735e-01  3.67044827e-01
  1.24942208e-01 -8.55014774e-01  7.39908136e-02 -6.28619371e-02
 -1.21368004e-01 -3.67044827e-01 -1.24942208e-01 -1.44985226e-01
  7.39908135e-02 -2.13133694e-02 -1.63182463e-01  3.88334967e-01
  2.58557927e-01  7.87127627e-02  5.06605685e-01  9.04086415e-05]
[3.35423816e-03 8.98864026e-03 1.19263332e-02 3.07185786e-02
 6.15258320e-02 2.63728880e-02 3.35423816e-03 8.80735127e-03
 1.25892072e-02 3.07185786e-02 6.15258320e-02 2.63728880e-02
 3.35423822e-03 4.16913596e-03 1.21312277e-02 1.08595161e-01
 4.05342221e-01 5.91744671e-02 2.12940219e-01 9.04004678e-05]
10.0
1802925
1.1920928955078125e-07
