[ 1.80890870e-01  4.99552431e-02  7.92305428e-01  3.49706895e-01
  7.90635674e-02 -8.96247415e-01  6.91091302e-02 -4.92109005e-02
 -8.46880401e-02 -3.49706895e-01 -7.90635674e-02 -1.03752585e-01
  6.91091299e-02 -1.38644008e-02 -1.25296904e-01  3.36911913e-01
  1.34644446e-01  5.23295349e-02  4.44645529e-01  1.65755520e-04]
[0.00083101 0.0068451  0.00197226 0.02256355 0.03479269 0.01083839
 0.00083101 0.00482986 0.00206696 0.02256355 0.03479269 0.01083839
 0.00083101 0.00276257 0.00203071 0.0875141  0.01928393 0.03790752
 0.04537952 0.00016573]
10.0
983376
1.1920928955078125e-07
