[ 1.85322660e-01  3.04191376e-02  7.86496868e-01  3.40205240e-01
  1.67058550e-02 -8.86408279e-01  6.46773402e-02 -3.07584341e-02
 -7.97504899e-02 -3.40205240e-01 -1.67058550e-02 -1.13591721e-01
  6.46773396e-02 -1.23177739e-02 -1.20149612e-01  2.64889436e-01
  1.61844711e-01  9.35506693e-02  4.98725110e-01  3.31505646e-04]
[0.00129376 0.00728119 0.00292377 0.03400783 0.04670229 0.01755158
 0.00129376 0.00431209 0.00296679 0.03400783 0.04670229 0.01755158
 0.00129376 0.00272893 0.00290946 0.09046493 0.02688798 0.06551469
 0.07723907 0.0003314 ]
10.0
491696
1.1920928955078125e-07
