[ 0.21740249 -0.02323262  0.76546507  0.2148806  -0.01124144 -0.93244917
  0.02735154 -0.00722019 -0.0580238  -0.19024661  0.01097154 -0.05857508
  0.0325975  -0.00818576 -0.10424241  0.09561004  0.41686145  0.04898433
  0.89244639  0.10103879]
[0.00183248 0.01451675 0.00484579 0.0634749  0.01256099 0.00820265
 0.00190492 0.00702667 0.0050915  0.06817099 0.01255972 0.00905322
 0.00183248 0.0036383  0.00462514 0.13110309 0.07402056 0.01407462
 0.20578977 0.09082995]
10.0
327785
1.1920928955078125e-07
