[ 0.21805497 -0.0312237   0.75682775  0.16904451 -0.01696496 -0.93075123
  0.01460459  0.00188034 -0.03519002 -0.08785978  0.01684648 -0.03973988
  0.03194503  0.00170829 -0.09748336  0.09231167  0.43030443  0.06661986
  0.95240866  0.15628923]
[0.00213696 0.01523882 0.00450219 0.07978988 0.01609662 0.00895183
 0.00267886 0.00560197 0.00396218 0.07187771 0.01610531 0.00930097
 0.00213696 0.00402948 0.00410957 0.10926256 0.10293407 0.02074201
 0.3166795  0.13186291]
10.0
655605
1.1920928955078125e-07
