[ 0.21755665 -0.02814482  0.75764742  0.17906124 -0.02931293 -0.92587163
  0.01167598  0.00304051 -0.0324312  -0.08193332  0.029284   -0.03886726
  0.03244334  0.00279165 -0.09861871  0.10496893  0.40621693  0.07532029
  0.92159842  0.17612254]
[0.00219695 0.01429801 0.0044789  0.07664764 0.02204633 0.01114561
 0.0029082  0.00518499 0.00362417 0.0660776  0.02205392 0.01151972
 0.00219695 0.00387741 0.00408788 0.10206866 0.09829924 0.02860998
 0.29520076 0.14510339]
10.0
819526
1.1920928955078125e-07
