[ 2.14539060e-01 -1.79337873e-02  7.61692142e-01  2.01641377e-01
 -2.70714088e-02 -9.21906923e-01  7.50944255e-03  2.81791981e-03
 -2.70901212e-02 -7.06293412e-02  2.71865396e-02 -3.04427912e-02
  3.54609351e-02 -8.29007819e-04 -1.01929770e-01  1.23045594e-01
  3.75129479e-01  6.41216978e-02  8.63337893e-01  2.10945910e-01]
[0.00242365 0.01321854 0.00488327 0.0751558  0.02109105 0.0124487
 0.00353159 0.00490305 0.00294537 0.05520611 0.02107408 0.01102526
 0.00242365 0.00443448 0.00453394 0.09323885 0.0879955  0.02705354
 0.2625427  0.16644773]
10.0
1475236
1.1920928955078125e-07
