[ 0.21382688 -0.01646923  0.76305788  0.20726654 -0.02415223 -0.92107439
  0.00630825  0.00258346 -0.0263307  -0.06734457  0.02429166 -0.02804292
  0.03617312 -0.00102303 -0.10358566  0.12460055  0.37177416  0.05984827
  0.85276376  0.21415394]
[0.00247645 0.01292515 0.00508399 0.07605727 0.01962919 0.01239279
 0.00370283 0.00493201 0.00282591 0.05330483 0.01961185 0.01039584
 0.00247645 0.00448263 0.00475889 0.09153333 0.08761624 0.02484498
 0.25965876 0.16829203]
10.0
1639162
1.1920928955078125e-07
