[ 0.21317247 -0.01644897  0.76368349  0.21074719 -0.02202184 -0.92142013
  0.00557333  0.00210031 -0.02535317 -0.06432899  0.02223664 -0.02534002
  0.03682752 -0.00113114 -0.10442387  0.12191212  0.36759838  0.0560821
  0.84411045  0.21699828]
[0.00252182 0.01256549 0.00510044 0.07577904 0.01827478 0.01203182
 0.00380033 0.00492613 0.00272896 0.05180454 0.01825474 0.00987865
 0.00252182 0.00449741 0.00479656 0.0892662  0.08648583 0.02297485
 0.25727228 0.16991003]
10.0
1803088
1.1920928955078125e-07
