[ 0.21656868 -0.01794602  0.7942401   0.299873    0.00243343 -0.90751268
  0.03343132  0.00203678 -0.09232119 -0.299873   -0.00243343 -0.09248732
  0.03343132 -0.01010214 -0.13147854  0.09712956  0.45843537  0.03472037
  0.83883495  0.00239804]
[0.00211389 0.01404455 0.00560616 0.06553192 0.01187745 0.00908167
 0.00211389 0.01043342 0.00574519 0.06553192 0.01187745 0.00908167
 0.00211389 0.00476297 0.00603687 0.1367291  0.08725631 0.00769224
 0.22042373 0.00239229]
10.0
163884
1.1920928955078125e-07
