[ 2.15117414e-01 -1.80622272e-02  7.60641093e-01  1.96217499e-01
 -2.48437303e-02 -9.24534921e-01  8.46742954e-03  3.18554729e-03
 -2.82504917e-02 -7.23850566e-02  2.49375537e-02 -3.04277808e-02
  3.48825811e-02 -3.50653321e-04 -1.01091297e-01  1.22334560e-01
  3.81979430e-01  6.28723158e-02  8.74559166e-01  2.03768750e-01]
[0.00237562 0.01356855 0.00479033 0.07518174 0.01954278 0.01139217
 0.00338677 0.00492228 0.00310188 0.05697326 0.01952775 0.01012755
 0.00237562 0.00424186 0.00440296 0.0955482  0.0879662  0.02423003
 0.26820073 0.16224705]
10.0
1311310
1.1920928955078125e-07
