[ 2.15738535e-01 -1.83073845e-02  7.60586893e-01  1.95570102e-01
 -2.45773937e-02 -9.25742443e-01  8.96231261e-03  4.17757964e-03
 -2.96107135e-02 -7.70055652e-02  2.46254497e-02 -3.11494871e-02
  3.42614598e-02  3.23202433e-04 -1.01380443e-01  1.22522515e-01
  3.86928581e-01  6.34877018e-02  8.80505640e-01  1.98045819e-01]
[0.0023338  0.01368924 0.00469643 0.07515212 0.01854591 0.01045122
 0.00326685 0.00489004 0.00331046 0.05985124 0.01854964 0.0098115
 0.0023338  0.00400984 0.00434869 0.09674234 0.08826717 0.02270878
 0.27249022 0.15882367]
10.0
1147386
1.1920928955078125e-07
