[ 2.19280626e-01 -3.02048792e-02  7.55330553e-01  1.60973859e-01
 -4.97037336e-03 -9.37553730e-01  2.04671789e-02  9.58123256e-05
 -4.36357545e-02 -1.12951872e-01  4.82974446e-03 -4.50032520e-02
  3.07193674e-02  6.97573596e-04 -9.67307030e-02  9.01821981e-02
  4.49951559e-01  5.64453630e-02  9.79771398e-01  1.33039922e-01]
[0.0019291  0.01656196 0.00450964 0.07797455 0.01014833 0.00693287
 0.00220652 0.00626273 0.00431088 0.07629434 0.01014544 0.00768472
 0.0019291  0.00388611 0.00410526 0.12371677 0.10115192 0.01284002
 0.30627218 0.1153403 ]
10.0
491687
1.1920928955078125e-07
