[ 0.21657355 -0.0228993   0.75966632  0.18996851 -0.0266652  -0.92566257
  0.0093706   0.00386962 -0.03035183 -0.07733369  0.02670113 -0.03341632
  0.03342645  0.00123484 -0.10090826  0.11328178  0.39612661  0.06804221
  0.89768442  0.18690821]
[0.00228567 0.01390555 0.00459777 0.07604795 0.01963026 0.01067155
 0.00314959 0.0050693  0.00349187 0.06306265 0.01963666 0.01065648
 0.00228567 0.00400895 0.00425018 0.09884019 0.09199878 0.02485476
 0.28362155 0.15197353]
10.0
983456
1.1920928955078125e-07
