[ 0.21264557 -0.01657465  0.76408373  0.21274449 -0.02237496 -0.92073314
  0.00511746  0.00202252 -0.02450923 -0.06168626  0.02259705 -0.02431402
  0.03735442 -0.00155281 -0.10492122  0.12075916  0.3640536   0.0551059
  0.83837148  0.21755136]
[0.00255739 0.01238739 0.00517636 0.07588999 0.0183797  0.01221997
 0.00389919 0.00490893 0.00264783 0.05051567 0.0183576  0.00987511
 0.00255739 0.00450736 0.00487809 0.08807183 0.08656039 0.02319679
 0.25414862 0.17022276]
10.0
1967016
1.1920928955078125e-07
