[ 0.14951403  0.04700341  0.74975732  0.62992316  0.04612007 -0.45714929
  0.19097122  0.24978023 -0.00471751  0.69051928  0.24999999  0.04601775
  0.6543984   0.26330491 -0.13826811  0.3514127   0.37545156  0.00325218]
[3.22804559e-03 8.56571601e-03 5.02316602e-03 1.47070752e-01
 2.00569360e-02 1.20897467e-01 6.75891195e-02 2.53630102e-05
 1.96758549e-02 7.32447567e-04 3.39830753e-11 1.21979620e-02
 3.14783527e-04 1.10452262e-01 1.97927461e-01 2.08287844e-01
 1.89893900e-01 3.24160466e-03]
10.0
163890
1.1920928955078125e-07
