[ 1.95656386e-01  8.86043972e-03  7.35431034e-01  4.44902920e-01
  1.54171224e-02 -3.00901887e-01  9.21415615e-02  2.09516467e-01
  1.85326385e-04  7.19830986e-01  2.49999964e-01  9.95706362e-03
  6.55004691e-01  1.63340521e-01  1.23563533e-01  3.24603764e-01
  6.91265398e-01  2.95356939e-01]
[3.69756164e-03 9.47916050e-03 3.81235292e-03 3.41358754e-01
 2.21631548e-02 2.92755017e-01 4.65147655e-02 3.62105214e-03
 1.34960889e-02 4.74465342e-03 1.07876410e-09 1.14978242e-02
 3.99541111e-04 7.13958307e-02 1.23502499e-01 1.33556830e-01
 2.05276170e-01 2.08121217e-01]
10.0
3114540
1.1920928955078125e-07
