[ 1.95727793e-01  1.01231469e-02  7.34343023e-01  4.41486727e-01
  1.59785806e-02 -3.02985710e-01  8.67331195e-02  2.11701534e-01
  4.39896297e-05  7.17283155e-01  2.49999972e-01  1.19031897e-02
  6.54824351e-01  1.55906221e-01  1.31498367e-01  3.03609162e-01
  6.99947431e-01  2.83426742e-01]
[3.84308897e-03 9.44623792e-03 3.69040743e-03 3.44782294e-01
 2.13889573e-02 2.95858192e-01 4.34817360e-02 3.53728740e-03
 1.38245349e-02 4.50396685e-03 1.11424154e-09 1.13926299e-02
 3.94247965e-04 7.01528984e-02 1.32046244e-01 1.27801468e-01
 2.11669996e-01 2.03096024e-01]
10.0
2622713
1.1920928955078125e-07
