[ 0.19343589  0.01849549  0.72256541  0.35734089  0.00755821 -0.274438
  0.093484    0.23707634 -0.00960826  0.69227531  0.25        0.01495128
  0.65351701  0.15199567  0.11121952  0.29847245  0.74182858  0.14418496]
[5.14387953e-03 9.50599489e-03 2.45996208e-03 3.74943832e-01
 2.26506822e-02 3.37457334e-01 5.31430392e-02 1.55388235e-03
 1.72291881e-02 1.27032230e-03 1.16061773e-10 1.13949100e-02
 3.52272351e-04 6.84067301e-02 2.10536468e-01 1.73459686e-01
 2.66242310e-01 1.23395656e-01]
10.0
983355
1.1920928955078125e-07
