[ 0.19578197  0.01052002  0.7333866   0.43644301  0.01661845 -0.3032921
  0.07874457  0.21405729 -0.00107635  0.71482321  0.25        0.0113426
  0.6546457   0.14702807  0.14032475  0.28383872  0.71019041  0.27192563]
[3.97602855e-03 9.55424367e-03 3.56561456e-03 3.48982692e-01
 2.12730666e-02 3.00605384e-01 4.01933770e-02 3.42458749e-03
 1.42723095e-02 4.23817280e-03 3.37849622e-10 1.14145332e-02
 3.92944975e-04 6.78012788e-02 1.38511312e-01 1.23224709e-01
 2.17792193e-01 1.97982081e-01]
10.0
2294826
1.1920928955078125e-07
