[ 0.15839996  0.03418687  0.72230187  0.44999972  0.01245371 -0.35498489
  0.13557269  0.24285437 -0.01025416  0.68900123  0.25        0.0258643
  0.65391403  0.20445374 -0.12460245  0.35670226  0.48498753  0.09609009]
[3.66941688e-03 7.74693732e-03 3.08675365e-03 3.01722975e-01
 2.08582241e-02 2.59910333e-01 7.04593941e-02 7.79136298e-04
 1.75597867e-02 7.70793349e-04 9.43998918e-11 1.02150018e-02
 3.65640141e-04 7.11033590e-02 1.40729852e-01 2.12073628e-01
 1.45953805e-01 8.68567864e-02]
10.0
491674
1.1920928955078125e-07
