[ 0.1952793   0.01518195  0.72869284  0.41632856  0.0143306  -0.30202685
  0.0852693   0.22145055 -0.0024004   0.70680873  0.25000001  0.0136513
  0.65389228  0.15822962  0.12526069  0.29011359  0.71780368  0.23680516]
[4.36378691e-03 9.70951281e-03 3.09776840e-03 3.53063708e-01
 2.19646234e-02 3.08790415e-01 4.41553404e-02 2.97926434e-03
 1.54360156e-02 3.27016687e-03 3.59490603e-10 1.16759051e-02
 3.77401935e-04 6.71108635e-02 1.55261474e-01 1.39088726e-01
 2.27163393e-01 1.80728477e-01]
10.0
1639069
1.1920928955078125e-07
