[ 1.95769249e-01  9.74318845e-03  7.34785867e-01  4.43305832e-01
  1.67885726e-02 -3.02656181e-01  8.52338188e-02  2.10785707e-01
  2.96332597e-04  7.18287993e-01  2.49999971e-01  1.09981662e-02
  6.54800260e-01  1.57481964e-01  1.30029629e-01  3.05630794e-01
  6.97637715e-01  2.88677907e-01]
[3.78414383e-03 9.47291278e-03 3.74462438e-03 3.43994764e-01
 2.16284030e-02 2.95069070e-01 4.36402786e-02 3.57054012e-03
 1.37183504e-02 4.60363932e-03 1.06577551e-09 1.14531998e-02
 3.95959763e-04 6.96761668e-02 1.28401613e-01 1.27754234e-01
 2.08674616e-01 2.05342973e-01]
10.0
2786649
1.1920928955078125e-07
