[ 0.17279681  0.02344171  0.72244253  0.41241299  0.00750553 -0.32700629
  0.12265502  0.24265508 -0.01352262  0.6889647   0.25        0.01869326
  0.654089    0.1849551  -0.03812573  0.36234057  0.58504077  0.10492661]
[4.09377538e-03 9.10918032e-03 2.72112747e-03 3.28402026e-01
 2.48059496e-02 2.86677709e-01 6.79961363e-02 8.07953381e-04
 1.79208006e-02 8.85246011e-04 7.26958640e-11 1.06737478e-02
 3.64287548e-04 7.34321357e-02 1.58996753e-01 2.11571956e-01
 1.79625426e-01 9.39170126e-02]
10.0
655563
1.1920928955078125e-07
