[ 0.15045673  0.04620364  0.73191717  0.54068098  0.03354414 -0.4145028
  0.15548747  0.24361291 -0.00372519  0.69001946  0.24999999  0.03817597
  0.65685246  0.21816512 -0.1434792   0.29910538  0.42138116  0.08359494]
[3.61338855e-03 7.75007686e-03 3.72436190e-03 2.34562241e-01
 1.84153357e-02 1.96754298e-01 6.08180627e-02 6.72183076e-04
 1.87663296e-02 8.57704666e-04 3.86166039e-11 1.13636455e-02
 4.15264424e-04 8.85012893e-02 1.56512186e-01 2.04205609e-01
 1.55708241e-01 7.66068255e-02]
10.0
327783
1.1920928955078125e-07
