[ 1.95950939e-01  1.01553087e-02  7.34143706e-01  4.40513056e-01
  1.64538356e-02 -3.03960199e-01  8.10886650e-02  2.12988166e-01
 -5.96204793e-04  7.16269525e-01  2.49999974e-01  1.20410230e-02
  6.54774989e-01  1.50386614e-01  1.38522402e-01  2.91651692e-01
  7.05875438e-01  2.77286272e-01]
[3.89361769e-03 9.50253106e-03 3.64485180e-03 3.46612752e-01
 2.13342039e-02 2.97863966e-01 4.08994222e-02 3.45833197e-03
 1.40434869e-02 4.39332716e-03 1.14833885e-09 1.13995294e-02
 3.94291747e-04 6.80896033e-02 1.34137213e-01 1.22988808e-01
 2.14393777e-01 2.00398596e-01]
10.0
2458773
1.1920928955078125e-07
