[ 0.19556145  0.01726725  0.7256752   0.39689064  0.01244238 -0.29831107
  0.08036513  0.22846165 -0.00385644  0.70034769  0.25000002  0.01403022
  0.65359617  0.14685523  0.13378284  0.27234679  0.74063701  0.20225198]
[4.65310198e-03 9.84161941e-03 2.78854359e-03 3.60037864e-01
 2.24864800e-02 3.20209719e-01 4.41408929e-02 2.40320260e-03
 1.64789788e-02 2.42993242e-03 3.38986310e-10 1.17748274e-02
 3.64467447e-04 6.30566152e-02 1.76789004e-01 1.49996096e-01
 2.42230098e-01 1.61346117e-01]
10.0
1311201
1.1920928955078125e-07
