[ 0.19476444  0.01716476  0.724267    0.37856826  0.0099288  -0.2869307
  0.08517294  0.23230928 -0.0069237   0.69692545  0.25000002  0.01540913
  0.65366358  0.14922261  0.12283847  0.28558406  0.74086781  0.17997936]
[4.87190406e-03 9.58454279e-03 2.62434245e-03 3.67539724e-01
 2.25714183e-02 3.28542125e-01 4.83505647e-02 2.04320226e-03
 1.67047391e-02 1.92538121e-03 3.67078587e-10 1.17061063e-02
 3.58508327e-04 6.46120604e-02 1.91092340e-01 1.60736994e-01
 2.52301916e-01 1.47586790e-01]
10.0
1147276
1.1920928955078125e-07
