[ 0.19537311  0.01604532  0.72706097  0.40528761  0.01429979 -0.29857944
  0.08099364  0.22469499 -0.00309189  0.70339658  0.25000002  0.01383349
  0.65380995  0.15352451  0.12869516  0.28163869  0.72894685  0.22241595]
[4.49108488e-03 9.85102717e-03 2.94579156e-03 3.57649777e-01
 2.24123979e-02 3.15678491e-01 4.40871501e-02 2.73129666e-03
 1.60027246e-02 2.85841567e-03 3.13832432e-10 1.18582175e-02
 3.78842854e-04 6.49764014e-02 1.64259112e-01 1.43884559e-01
 2.33232594e-01 1.72947096e-01]
10.0
1475137
1.1920928955078125e-07
