[ 0.19057603  0.02204416  0.72278027  0.35586507  0.0055     -0.27478607
  0.10309589  0.24319029 -0.01081621  0.6900198   0.25        0.01719753
  0.65407886  0.15857835  0.09347055  0.31039636  0.72901387  0.09580049]
[5.29764963e-03 9.65110963e-03 2.45915468e-03 3.70429544e-01
 2.31509474e-02 3.34574377e-01 5.90387856e-02 7.66172077e-04
 1.84005523e-02 8.61297925e-04 1.34585884e-10 1.10211951e-02
 3.71600758e-04 7.36613078e-02 2.28434277e-01 1.90915398e-01
 2.80282206e-01 8.66227572e-02]
10.0
819453
1.1920928955078125e-07
