[ 1.95717060e-01  9.67802529e-03  7.35226181e-01  4.45277873e-01
  1.61015823e-02 -3.02599335e-01  8.94252334e-02  2.09943618e-01
  7.08957119e-04  7.19225238e-01  2.49999975e-01  1.05450607e-02
  6.54845718e-01  1.60095307e-01  1.28097966e-01  3.13859883e-01
  6.94409829e-01  2.91878955e-01]
[3.74654190e-03 9.47981905e-03 3.79018788e-03 3.42118609e-01
 2.17857198e-02 2.93375687e-01 4.46251087e-02 3.61141721e-03
 1.36027047e-02 4.69038350e-03 1.02259565e-09 1.14514164e-02
 3.95839933e-04 7.04781323e-02 1.26065582e-01 1.30099408e-01
 2.07624776e-01 2.06685630e-01]
10.0
2950593
1.1920928955078125e-07
