[ 1.95554040e-01  8.54555805e-03  7.35502647e-01  4.45527096e-01
  1.42828506e-02 -3.00532380e-01  9.84018788e-02  2.08979538e-01
  8.28542912e-05  7.20254152e-01  2.49999961e-01  1.03868722e-02
  6.55045658e-01  1.68565043e-01  1.16732594e-01  3.38066679e-01
  6.87228037e-01  2.97592464e-01]
[3.66739285e-03 9.45114133e-03 3.82476812e-03 3.38758506e-01
 2.24033685e-02 2.90646277e-01 4.94908143e-02 3.65018978e-03
 1.33799011e-02 4.80221429e-03 1.09416099e-09 1.14475822e-02
 3.97301745e-04 7.32596445e-02 1.22943138e-01 1.39867346e-01
 2.03714185e-01 2.09031189e-01]
10.0
3278497
1.1920928955078125e-07
