[ 0.19594598  0.01187328  0.73238094  0.43302845  0.01653207 -0.30377527
  0.07892356  0.21583379 -0.00087154  0.71319325  0.25000001  0.01206007
  0.65451257  0.14791706  0.14132134  0.27810185  0.71427794  0.26638359]
[4.02417984e-03 9.63619223e-03 3.46327483e-03 3.50372319e-01
 2.12200223e-02 3.02345144e-01 3.97672239e-02 3.30023654e-03
 1.45624456e-02 4.04214829e-03 3.26232052e-10 1.15787841e-02
 3.93585986e-04 6.80246112e-02 1.41293362e-01 1.23394227e-01
 2.19750269e-01 1.95423374e-01]
10.0
2130882
1.1920928955078125e-07
