[ 1.95644847e-01  1.34885968e-02  7.31068962e-01  4.29674850e-01
  1.64655842e-02 -3.04945261e-01  8.05910846e-02  2.17390238e-01
 -6.77937997e-04  7.11126178e-01  2.50000009e-01  1.28635920e-02
  6.54227302e-01  1.52426670e-01  1.35399139e-01  2.79496876e-01
  7.14101900e-01  2.60642928e-01]
[4.12098237e-03 9.70200502e-03 3.32821778e-03 3.50069804e-01
 2.13734224e-02 3.03270018e-01 4.09086277e-02 3.22181671e-03
 1.48831335e-02 3.80149877e-03 3.37688416e-10 1.15850800e-02
 3.86552419e-04 6.82924325e-02 1.44113935e-01 1.27521753e-01
 2.20748640e-01 1.92708192e-01]
10.0
1966940
1.1920928955078125e-07
