[ 1.95496899e-01  1.49425238e-02  7.30088340e-01  4.27596956e-01
  1.49781405e-02 -3.07266967e-01  8.34272548e-02  2.19277760e-01
 -7.11908945e-04  7.09155513e-01  2.50000009e-01  1.37244451e-02
  6.54155151e-01  1.56919400e-01  1.30008475e-01  2.83474294e-01
  7.14136505e-01  2.52128120e-01]
[4.21482482e-03 9.72495027e-03 3.21271603e-03 3.48575108e-01
 2.16197522e-02 3.02957837e-01 4.24107054e-02 3.10238392e-03
 1.51713562e-02 3.54457602e-03 3.27784094e-10 1.17284848e-02
 3.83714847e-04 6.81888266e-02 1.48058555e-01 1.32913724e-01
 2.22621012e-01 1.88559531e-01]
10.0
1803000
1.1920928955078125e-07
