NLStack

NLAndBiMixed

Parameter containing:
tensor([ 2.8646e+00, -1.3939e+00, -4.3837e+00, -3.6505e+00,  4.7414e+00,
        -2.0122e+00, -3.0486e+00, -2.7550e+00,  1.3591e-04, -2.8468e+00,
        -5.2494e-02, -7.2685e-03,  4.5915e-02, -2.5404e+00, -1.2821e-02,
        -2.7600e-02,  6.5675e+00,  4.3390e-04,  3.1992e-02,  3.2515e-03,
        -1.0000e-01], device='cuda:0', requires_grad=True)

NLAndBiMixed

Parameter containing:
tensor([ 0.7185, -0.3762, -0.1144, -0.1931, -1.2963, -0.7387,  1.4090,  1.5776,
        -0.7503,  4.7426, -0.5510,  4.6209, -0.6951,  1.5106,  1.0448,  4.9767,
        -0.7663, -1.0527,  1.1800,  0.9399, -0.1000], device='cuda:0',
       requires_grad=True)

NLAndBiMixed

Parameter containing:
tensor([-5.7413, -1.0145,  1.3300,  2.9856,  0.5193, -1.7788, -0.4194, -0.8775,
        -1.6490, -1.3942,  4.7563,  2.5163, -1.7702,  2.0661, -1.4741, -0.8766,
        -1.7608, -5.4379, -5.1841,  0.9379, -0.0606], device='cuda:0',
       requires_grad=True)

NLAndBiMixed

Parameter containing:
tensor([ 0.7651,  5.3055,  1.2975, -0.1920, -1.0086,  1.1544, -0.7562, -0.6828,
        -0.8704,  6.2451,  4.6276,  1.2513, -0.8012,  1.2288,  1.0401,  1.2287,
        -0.7942, -0.5510,  0.9573,  0.5001, -0.1000], device='cuda:0',
       requires_grad=True)

NLAndBiMixed

Parameter containing:
tensor([-5.9835e+00,  4.8287e+00, -1.9559e+00, -1.8400e+00,  2.6158e+00,
        -1.8291e+00, -1.6683e+00, -2.2085e+00,  2.3410e+00, -2.5426e+00,
        -1.6310e+00, -1.8720e+00,  1.4434e-02, -2.3198e+00, -2.5753e+00,
        -1.5819e-03,  4.2524e+00, -5.5703e+00,  1.3060e-03,  2.3329e+00,
        -1.0000e-01], device='cuda:0', requires_grad=True)

NLAndBiMixed

Parameter containing:
tensor([-1.2237, -0.6991, -0.7402,  4.4104,  1.3024,  5.4830, -0.7661, -0.6341,
        -1.2337,  1.4237, -0.5556, -0.7925, -1.1820, -0.1902,  5.7341,  1.2461,
        -0.9591,  1.4730, -1.0700,  1.3243, -0.1000], device='cuda:0',
       requires_grad=True)

NLAndBiMixed

Parameter containing:
tensor([-1.7761,  4.7903, -0.5885, -0.9691, -1.7929, -1.2428,  3.3459,  2.0925,
         1.3225,  2.0600, -0.1896, -0.9119, -0.9889,  4.2268,  2.0711, -1.1716,
        -1.4776, -1.3357, -1.8657,  1.3246, -0.1000], device='cuda:0',
       requires_grad=True)

NLAndBiMixed

Parameter containing:
tensor([-1.3707, -0.5463,  1.4170,  1.4163,  1.4880,  1.4752, -0.5978, -0.7405,
         1.0764, -0.5612,  3.4821,  1.6843, -1.2340,  1.6741, -0.9039,  6.1461,
        -1.4530,  1.0506, -2.1653, -4.9101, -0.1000], device='cuda:0',
       requires_grad=True)

NLAndBiMixed

Parameter containing:
tensor([-5.3125,  5.9260, -1.1481, -1.4136, -3.8933, -1.0353,  3.4055, -1.7206,
         1.2107, -1.0908, -0.7010, -1.4777,  2.0801, -1.6767, -1.8637, -1.5745,
         1.7520, -2.0476, -1.7678,  1.9290, -0.1000], device='cuda:0',
       requires_grad=True)

NLAndBiMixed

Parameter containing:
tensor([-0.7294,  1.2334,  5.7695, -0.4221,  1.1705,  1.3099, -0.6982, -0.6191,
        -3.7486,  2.0991, -0.4038,  1.2048,  0.9267,  1.3597,  5.2410,  1.3669,
        -1.0309,  1.1047, -0.8899,  0.9887, -0.1000], device='cuda:0',
       requires_grad=True)

NLAndBiMixed

Parameter containing:
tensor([-4.7776,  1.9288, -1.1286,  1.5015, -1.5104, -6.0154,  5.1733, -1.0034,
        -1.2791,  1.1469,  1.8704, -1.2716,  1.1955,  1.8497, -1.7290,  2.1164,
        -4.1599,  1.3834, -0.9795,  1.1431, -0.1000], device='cuda:0',
       requires_grad=True)

NLAndBiMixed

Parameter containing:
tensor([-5.3617,  1.2633,  1.1459,  0.9317, -0.7025,  0.9510,  1.1108,  1.2297,
         0.4742, -0.3621,  4.2285,  1.2670, -0.7794,  5.6377,  1.1539,  0.9741,
        -0.8004,  0.5398, -2.7008, -0.6224, -0.1000], device='cuda:0',
       requires_grad=True)

NLAndBiMixed

Parameter containing:
tensor([ 6.1618e+00, -2.9158e+00, -2.6886e+00, -3.2891e+00, -7.9231e-02,
         5.2964e-03, -1.2230e-01,  2.0562e-02, -5.1892e-03,  5.0074e-03,
        -2.8191e-02, -1.2684e-02, -1.6558e-03, -1.0858e-01, -3.8563e-02,
         6.8354e-03, -5.3413e+00,  3.9355e-02,  8.2960e-03, -9.3074e-03,
        -1.0000e-01], device='cuda:0', requires_grad=True)

NLAndBiMixed

Parameter containing:
tensor([-5.9565, -0.0206, -0.0352, -0.0778,  4.0084, -2.7294, -2.5291, -2.5971,
        -0.1959,  0.0716,  0.0289, -0.1286, -0.2072, -0.0755, -0.0762, -0.0852,
        -0.1452, -5.6538, -0.0366,  0.0131, -0.1000], device='cuda:0',
       requires_grad=True)

NLAndBiMixed

Parameter containing:
tensor([-0.0982, -0.5319,  0.1394,  0.1207,  0.1087, -0.1867, -0.0757,  0.0962,
         4.3744, -3.5050, -3.2796, -3.6481, -0.0977, -0.0283,  0.1161, -0.0534,
         0.0446, -0.0098, -5.8614, -0.1515, -0.1000], device='cuda:0',
       requires_grad=True)

NLAndBiMixed

Parameter containing:
tensor([-1.0595e-01, -3.1160e-03,  6.2348e-02, -2.2281e-02,  5.2296e-03,
        -5.2582e-02, -1.8794e-01,  2.4374e-03, -8.2611e-02, -1.1373e-01,
         7.7555e-02,  2.2443e-02,  4.4455e+00, -3.7044e+00, -3.6320e+00,
        -2.9586e+00,  8.7302e-02, -1.1262e-01,  5.5293e-02, -4.8126e+00,
        -1.0000e-01], device='cuda:0', requires_grad=True)

