[ 1.80345377e-01  1.05314618e-02  7.42159039e-01  2.45753681e-01
 -2.89646983e-02  6.99270432e-01  1.74402957e-01  1.48318349e-02
  7.66540971e-01  2.49999998e-01 -6.43964542e-04  6.63660206e-01
  2.05074539e-02  1.58757198e-01  2.49791773e-01  6.71977645e-01
  9.33760025e-02]
[4.90270457e-03 5.33498268e-03 4.44519300e-03 5.37697708e-04
 1.60425310e-02 1.73912276e-03 5.56888168e-03 5.24307688e-03
 4.02833791e-03 4.16080596e-12 1.18574544e-02 7.22469043e-04
 6.86427750e-02 2.09909816e-01 1.97794184e-01 3.82199697e-01
 8.46569247e-02]
10.0
327793
1.1920928955078125e-07
