[ 0.20547124 -0.0008338   0.75428599  0.2180393  -0.0088721   0.73252056
  0.1987643   0.00410626  0.77810914  0.24999999 -0.00369204  0.66203468
  0.06479077  0.28106758  0.23004472  0.76273453  0.16047389]
[3.20987456e-03 8.48339038e-03 4.98998374e-03 3.10260523e-03
 1.37230272e-02 5.76437700e-03 3.83789891e-03 8.02128616e-03
 4.95318235e-03 7.03350972e-10 1.25128348e-02 5.90476527e-04
 6.51853820e-02 1.13936329e-01 1.04533905e-01 2.72258000e-01
 1.34722023e-01]
10.0
2295283
1.1920928955078125e-07
