[ 0.20391221  0.00107777  0.74306833  0.23001922 -0.02508475  0.71820861
  0.19837823  0.00411897  0.76808237  0.24999998 -0.00740091  0.66255906
  0.01804003  0.29257224  0.15956285  0.80282089  0.13220975]
[3.45130445e-03 7.59378891e-03 4.17301586e-03 2.18312568e-03
 1.54266980e-02 4.27435026e-03 4.09024906e-03 7.27633256e-03
 3.99974900e-03 2.78418769e-10 1.24455841e-02 6.31687693e-04
 5.96585315e-02 1.29970753e-01 1.06683060e-01 2.98149951e-01
 1.14730333e-01]
10.0
983581
1.1920928955078125e-07
