[ 2.05409041e-01 -5.50392085e-04  7.53424518e-01  2.18998979e-01
 -9.63298871e-03  7.31224668e-01  1.98800767e-01  4.22978480e-03
  7.77344242e-01  2.49999992e-01 -3.48780281e-03  6.61829271e-01
  6.10300326e-02  2.83844798e-01  2.24016021e-01  7.67509341e-01
  1.58560915e-01]
[3.24052856e-03 8.47380217e-03 4.98106892e-03 3.03968369e-03
 1.38954879e-02 5.66619993e-03 3.86955444e-03 8.02426544e-03
 4.93118351e-03 6.75712624e-10 1.25077084e-02 5.86760357e-04
 6.51716831e-02 1.15799340e-01 1.04353537e-01 2.75690846e-01
 1.33419351e-01]
10.0
2131326
1.1920928955078125e-07
