[ 0.20288817  0.00212586  0.73996423  0.23338913 -0.03039435  0.71366866
  0.19752783  0.00506368  0.76505186  0.25000001 -0.00770364  0.66217534
  0.01082505  0.28331348  0.16058817  0.80242444  0.12665399]
[3.58783498e-03 6.99835768e-03 4.02065609e-03 1.87224494e-03
 1.57380753e-02 3.78464590e-03 4.22191719e-03 6.75208687e-03
 3.80450094e-03 2.57312529e-10 1.22047849e-02 6.22993962e-04
 6.14734669e-02 1.33137537e-01 1.18000829e-01 2.98084327e-01
 1.10612754e-01]
10.0
819611
1.1920928955078125e-07
