[ 0.20548557 -0.00086721  0.75192054  0.22048404 -0.01195936  0.7292996
  0.19908268  0.00348939  0.77611427  0.24999999 -0.00513368  0.66168274
  0.04926574  0.29258264  0.20486027  0.77873977  0.15406847]
[3.23186367e-03 8.34969755e-03 4.90530917e-03 2.93846627e-03
 1.41938908e-02 5.50815351e-03 3.87463666e-03 7.92953176e-03
 4.82674344e-03 6.79573679e-10 1.25318627e-02 5.88393431e-04
 6.38989137e-02 1.16981384e-01 9.92642449e-02 2.81839769e-01
 1.30331375e-01]
10.0
1803406
1.1920928955078125e-07
