[ 0.20535409 -0.00126588  0.75113249  0.22163651 -0.0141383   0.72801728
  0.19907317  0.0028919   0.77539923  0.24999999 -0.00600522  0.66180121
  0.04214935  0.29684882  0.19838894  0.78577154  0.15234376]
[3.27124468e-03 8.26855837e-03 4.90603623e-03 2.85676154e-03
 1.43308268e-02 5.36637770e-03 3.91758602e-03 7.86416564e-03
 4.81012018e-03 7.40475367e-10 1.24825348e-02 5.93308666e-04
 6.29628836e-02 1.20947386e-01 1.01258700e-01 2.88440730e-01
 1.29135140e-01]
10.0
1639437
1.1920928955078125e-07
