[ 0.19614292  0.00194134  0.73550433  0.24357465 -0.04360776  0.70144479
  0.19109123  0.00520525  0.76059894  0.25000001 -0.0105453   0.66268589
 -0.00955754  0.25337425  0.19227917  0.79087967  0.10234097]
[4.25715736e-03 5.69602427e-03 4.02881344e-03 7.96066235e-04
 1.61781991e-02 2.12740087e-03 4.90694937e-03 5.67374831e-03
 3.64740995e-03 2.79460344e-11 1.16082660e-02 6.93816805e-04
 6.73274858e-02 1.76101960e-01 1.60297105e-01 3.45115663e-01
 9.18672968e-02]
10.0
491719
1.1920928955078125e-07
