[ 0.20523181 -0.00131866  0.75023497  0.22309757 -0.01570057  0.72639492
  0.19912451  0.00250324  0.77469812  0.25       -0.00663366  0.66196219
  0.03221453  0.30432152  0.18352615  0.79497535  0.14811825]
[3.31809493e-03 8.24668292e-03 4.89069310e-03 2.74927653e-03
 1.46391841e-02 5.18669747e-03 3.97361165e-03 7.84668229e-03
 4.77150669e-03 5.40930103e-10 1.25254925e-02 6.04224611e-04
 6.07934467e-02 1.24021546e-01 9.89162903e-02 2.94836021e-01
 1.26179235e-01]
10.0
1475463
1.1920928955078125e-07
