[ 2.01569821e-01 -6.25399780e-04  7.37030916e-01  2.38672332e-01
 -4.17009701e-02  7.07525798e-01  1.96468452e-01  2.37537380e-03
  7.62260976e-01  2.50000007e-01 -1.34044063e-02  6.62722411e-01
 -5.63341175e-03  2.79755674e-01  1.70672508e-01  8.12427975e-01
  1.10192783e-01]
[3.81446517e-03 6.27937336e-03 3.96432612e-03 1.34012489e-03
 1.59398467e-02 2.95852775e-03 4.44967224e-03 6.14436548e-03
 3.67350445e-03 3.08977337e-10 1.19548849e-02 6.62144075e-04
 6.36560706e-02 1.48990825e-01 1.36279547e-01 3.13547022e-01
 9.80503335e-02]
10.0
655660
1.1920928955078125e-07
