[ 0.20554153 -0.00102467  0.7546732   0.21736788 -0.00827453  0.73337555
  0.19878873  0.00399618  0.77846257  0.25       -0.00380033  0.66210729
  0.06706221  0.28066843  0.23250875  0.76122392  0.16176788]
[3.18184891e-03 8.54670432e-03 4.98381657e-03 3.14562607e-03
 1.36731556e-02 5.83351930e-03 3.81171862e-03 8.08123599e-03
 4.95826943e-03 6.63398620e-10 1.25469641e-02 5.89835929e-04
 6.54184661e-02 1.12738822e-01 1.02656292e-01 2.71815278e-01
 1.35599030e-01]
10.0
2459246
1.1920928955078125e-07
