[ 2.05627419e-01 -4.77318865e-04  7.54860653e-01  2.16516256e-01
 -6.03251173e-03  7.34207592e-01  1.98830526e-01  4.67417968e-03
  7.78595979e-01  2.49999994e-01 -2.23184551e-03  6.61968682e-01
  7.30243162e-02  2.78399891e-01  2.37141782e-01  7.58075216e-01
  1.64557189e-01]
[3.15578101e-03 8.70554440e-03 4.96338823e-03 3.19908226e-03
 1.36576548e-02 5.93370870e-03 3.78734641e-03 8.23240246e-03
 4.95079843e-03 7.37004155e-10 1.27276762e-02 5.83502328e-04
 6.61421935e-02 1.10281554e-01 9.97832638e-02 2.69877172e-01
 1.37478121e-01]
10.0
2787183
1.1920928955078125e-07
