[ 0.20567619 -0.00096382  0.75476638  0.21694608 -0.0073235   0.73385565
  0.19890972  0.00414638  0.77850991  0.25       -0.0029549   0.66209407
  0.07024285  0.27984175  0.23644788  0.76058027  0.16365528]
[3.16685070e-03 8.64260542e-03 4.96387241e-03 3.17223439e-03
 1.36662135e-02 5.87714393e-03 3.79888506e-03 8.17290017e-03
 4.94580656e-03 6.60389608e-10 1.27145554e-02 5.86454590e-04
 6.59679555e-02 1.11903226e-01 1.01814268e-01 2.71757453e-01
 1.36872228e-01]
10.0
2623209
1.1920928955078125e-07
