[ 0.13035312  0.02963791  0.75926984  0.2499283  -0.01189341  0.68714378
  0.12171655  0.03724081  0.78227421  0.25        0.0296295   0.65847952
  0.08633761 -0.14380367  0.4218322   0.280949    0.01990396]
[2.93574569e-03 3.82237034e-03 5.64422290e-03 1.79187951e-05
 1.58286289e-02 7.67616889e-04 3.16642870e-03 3.28519585e-03
 4.93681021e-03 3.13043462e-13 8.80808608e-03 6.18923328e-04
 4.52455666e-02 1.25159256e-01 2.67370392e-01 1.73650857e-01
 1.95077907e-02]
10.0
163887
1.1920928955078125e-07
