[ 2.04510905e-01  2.94475027e-04  7.45117032e-01  2.27275859e-01
 -2.07383365e-02  7.20994126e-01  1.98858636e-01  3.53263505e-03
  7.69989149e-01  2.49999991e-01 -6.97991729e-03  6.61994668e-01
  2.17464069e-02  2.99242417e-01  1.63779125e-01  8.03595505e-01
  1.37398893e-01]
[3.38448845e-03 7.86300582e-03 4.39040498e-03 2.41904875e-03
 1.51093497e-02 4.67117576e-03 4.03635402e-03 7.50656922e-03
 4.23565447e-03 5.85794310e-10 1.24045761e-02 6.10004584e-04
 5.84791737e-02 1.27200200e-01 1.01434855e-01 3.00204408e-01
 1.18520437e-01]
10.0
1147542
1.1920928955078125e-07
