[ 2.04695019e-01 -4.94797121e-04  7.48801622e-01  2.24321237e-01
 -1.73029362e-02  7.24838435e-01  1.98729845e-01  3.00200233e-03
  7.73448029e-01  2.49999999e-01 -6.94868066e-03  6.62097664e-01
  2.44794095e-02  3.05019122e-01  1.69536993e-01  7.97624947e-01
  1.44053167e-01]
[3.36119721e-03 8.06335833e-03 4.81715888e-03 2.65569013e-03
 1.48233144e-02 5.02687081e-03 4.01876065e-03 7.68324365e-03
 4.67307099e-03 5.93560395e-10 1.24667680e-02 5.98518620e-04
 5.88036506e-02 1.25768793e-01 9.75308432e-02 2.96252202e-01
 1.23301852e-01]
10.0
1311488
1.1920928955078125e-07
