[ 0.20528855 -0.00078194  0.75257084  0.21971994 -0.01068681  0.73027977
  0.19879067  0.00378796  0.77665234  0.25       -0.00470217  0.66171396
  0.05401418  0.28805657  0.21390213  0.77240836  0.15592938]
[3.24863131e-03 8.39287781e-03 4.89816296e-03 2.99109113e-03
 1.40448443e-02 5.58792038e-03 3.88691764e-03 7.96209324e-03
 4.83276675e-03 6.87319366e-10 1.25290116e-02 5.84945588e-04
 6.41738483e-02 1.15623667e-01 1.01109927e-01 2.79064460e-01
 1.31615407e-01]
10.0
1967365
1.1920928955078125e-07
