[ 1.92877347e-01 -3.66009512e-04  7.43167883e-01  1.75190184e-01
 -5.52894568e-02 -9.26143271e-01  1.85472004e-02 -8.86001910e-04
 -1.81884572e-02 -8.30915063e-02  5.52466158e-02 -4.05732954e-02
  5.15044458e-02 -1.90249792e-03 -7.70703727e-02  1.84500657e-01
  2.27414976e-01  1.01316602e-01  7.64688159e-01]
[0.00286193 0.01444887 0.00415158 0.0689051  0.02422571 0.01537933
 0.00476689 0.00439503 0.00244016 0.05973105 0.02420415 0.01602227
 0.00288799 0.00518931 0.00435294 0.12902365 0.12146769 0.05844346
 0.26396709]
10.0
1147212
1.1920928955078125e-07
