[ 1.95556286e-01 -4.96499736e-03  7.46109605e-01  1.80608860e-01
 -4.69448601e-02 -9.28452116e-01  7.13561902e-03  1.52502808e-03
 -1.08902137e-02 -4.93462405e-02  4.71292695e-02 -2.38425370e-02
  4.84737675e-02  8.69439044e-04 -7.98663835e-02  1.64232162e-01
  2.45693163e-01  7.84632127e-02  7.63683699e-01]
[0.00240798 0.01328503 0.00505536 0.06996012 0.01987719 0.013316
 0.00425994 0.0036132  0.00167461 0.042523   0.01985902 0.01076082
 0.00242097 0.004636   0.00529953 0.11377167 0.09483579 0.03935715
 0.21129834]
10.0
2622275
1.1920928955078125e-07
