[ 1.95414953e-01 -3.18938380e-03  7.45237849e-01  1.78641798e-01
 -4.98780466e-02 -9.27454542e-01  8.69574165e-03  1.19732409e-03
 -1.18529121e-02 -5.43987392e-02  4.99871542e-02 -2.74436619e-02
  4.86303266e-02  8.48298766e-04 -7.89021524e-02  1.71963387e-01
  2.43240004e-01  8.46139921e-02  7.65888281e-01]
[0.00245747 0.01360951 0.00493701 0.06998653 0.02138649 0.01405438
 0.00427634 0.00369214 0.00177173 0.04479313 0.02137038 0.01172385
 0.00246861 0.00483868 0.00519683 0.11704513 0.09815122 0.04344062
 0.21822722]
10.0
2294480
1.1920928955078125e-07
