[ 1.88022047e-01 -1.55055864e-02  7.50647339e-01  2.20773373e-01
 -2.03459281e-01 -8.66468733e-01  2.41530725e-02  5.55968587e-03
 -2.49771300e-02 -1.35027502e-01  2.03278768e-01 -1.02468350e-01
  5.62472286e-02  4.77120404e-04 -8.22301327e-02  2.60848680e-01
  1.49778388e-01  2.87878848e-01  6.84745765e-01]
[0.00279372 0.01725397 0.00511072 0.0678707  0.07234147 0.01888323
 0.00406323 0.006108   0.00359907 0.06145238 0.07237674 0.02186949
 0.00286899 0.00483882 0.00530197 0.15882741 0.09409849 0.11204168
 0.18229065]
10.0
655556
1.1920928955078125e-07
