[ 1.95095389e-01 -2.85820563e-03  7.43295239e-01  1.75345053e-01
 -5.42861626e-02 -9.28875594e-01  1.29469754e-02  7.29957388e-05
 -1.41302597e-02 -6.79617551e-02  5.42281616e-02 -3.22498522e-02
  4.90962868e-02 -3.86754812e-04 -7.68704281e-02  1.75887332e-01
  2.38614494e-01  9.45407587e-02  7.72007072e-01]
[0.00260841 0.01401332 0.00438902 0.06817551 0.02174767 0.0135741
 0.00442437 0.00388078 0.00204002 0.0520049  0.02172632 0.01295957
 0.00261611 0.00471142 0.00457569 0.12423553 0.10848234 0.04916964
 0.24005866]
10.0
1638898
1.1920928955078125e-07
