[ 0.20708545  0.0082188   0.73677465  0.45642405  0.01413602 -0.30085452
  0.09461312  0.23031704  0.01253287  0.71422494  0.20154414  0.01380825
  0.75969509  0.25000001  0.01010726  0.65986266  0.17049822  0.20404583
  0.30066254  0.76771901  0.22466099]
[3.10411053e-03 1.17275453e-02 3.80922065e-03 3.34136235e-01
 2.30978544e-02 2.89838210e-01 4.49398823e-02 2.15554391e-03
 1.58522059e-02 4.28465203e-03 3.65645045e-03 1.10815297e-02
 3.86958426e-03 7.36763445e-10 1.34864346e-02 5.28084299e-04
 8.94087359e-02 1.08251113e-01 1.27878233e-01 2.23426359e-01
 1.74188428e-01]
10.0
3114555
1.1920928955078125e-07
