[ 0.19796043  0.00921372  0.73340606  0.43588392  0.0138701  -0.2886468
  0.07916369  0.23636988  0.01744111  0.70652483  0.19272727  0.0145247
  0.75685534  0.25000001  0.01412477  0.65988172  0.16056482  0.15989673
  0.28163762  0.73308132  0.19563524]
[4.00486930e-03 1.10716530e-02 4.01615594e-03 3.47597641e-01
 2.33552909e-02 3.04040029e-01 4.52359989e-02 1.57715443e-03
 1.60693656e-02 3.26075365e-03 4.59877941e-03 1.03459823e-02
 4.02203523e-03 4.03187914e-10 1.30339753e-02 5.02206536e-04
 8.87326256e-02 1.26375816e-01 1.29746275e-01 2.38773026e-01
 1.57362094e-01]
10.0
1475179
1.1920928955078125e-07
