[ 0.20476675  0.00906136  0.73533886  0.4469552   0.01712254 -0.29796526
  0.07358176  0.23106538  0.015073    0.71288767  0.19970417  0.01414302
  0.75855955  0.25000001  0.01209768  0.65939075  0.15252135  0.20646035
  0.26455916  0.7649248   0.22939263]
[3.35706998e-03 1.12648884e-02 3.87825790e-03 3.45368390e-01
 2.32002242e-02 3.01398747e-01 3.57729352e-02 2.08737343e-03
 1.55583184e-02 4.16340996e-03 3.93868527e-03 1.05068476e-02
 3.90149533e-03 7.22580753e-10 1.29762296e-02 5.15239316e-04
 7.21901253e-02 1.05684359e-01 1.14641082e-01 2.26061537e-01
 1.76771649e-01]
10.0
2458780
1.1920928955078125e-07
