[ 0.16249219  0.01305514  0.74263515  0.43425792  0.02118495 -0.24482322
  0.09369421  0.24956075  0.04138407  0.69181698  0.15578104  0.01634274
  0.76814578  0.25000001  0.03048612  0.66155537  0.11274361  0.05227718
  0.23288987  0.57648484  0.0463178 ]
[5.62302229e-03 9.42247186e-03 6.16301922e-03 3.63342200e-01
 1.79584985e-02 3.09246515e-01 5.17070308e-02 6.67194625e-05
 1.79670269e-02 7.21919053e-04 6.27230103e-03 9.15281575e-03
 5.73561117e-03 3.32943163e-11 1.21686164e-02 4.64826535e-04
 1.23929189e-01 2.23426703e-01 1.36640565e-01 3.47079814e-01
 4.41724631e-02]
10.0
491690
1.1920928955078125e-07
