[ 0.20140789  0.00766731  0.73389795  0.43670006  0.01623955 -0.28948948
  0.07269418  0.23439392  0.01420568  0.70870132  0.19637522  0.0126372
  0.75735057  0.25000001  0.01373562  0.65955938  0.15183784  0.18945582
  0.2658053   0.75926491  0.21230459]
[3.72094370e-03 1.14249541e-02 3.92087503e-03 3.49624154e-01
 2.30405567e-02 3.06896979e-01 4.03790422e-02 1.77346995e-03
 1.60314363e-02 3.60379311e-03 4.31039230e-03 1.07192806e-02
 3.93572198e-03 5.52266182e-10 1.30123322e-02 5.06984867e-04
 8.32166817e-02 1.24839740e-01 1.19550024e-01 2.42460166e-01
 1.67231352e-01]
10.0
1803018
1.1920928955078125e-07
