[ 0.2057749   0.00861118  0.73619645  0.4570519   0.01530984 -0.30694845
  0.07383106  0.23075348  0.01411562  0.71354819  0.20064736  0.01370957
  0.75945103  0.25000001  0.0112481   0.65959967  0.15183955  0.21195562
  0.26488789  0.76732952  0.22729184]
[3.28814127e-03 1.12194824e-02 3.88442249e-03 3.38001157e-01
 2.31729519e-02 2.94799927e-01 3.52267593e-02 2.11556413e-03
 1.54192287e-02 4.21074670e-03 3.86424249e-03 1.04650161e-02
 3.90948517e-03 6.77818865e-10 1.30003087e-02 5.25011092e-04
 7.17260931e-02 1.03147537e-01 1.12984988e-01 2.22753199e-01
 1.75630261e-01]
10.0
2622703
1.1920928955078125e-07
