[ 0.20284414  0.0076046   0.73388654  0.43872981  0.0169131  -0.29196662
  0.07104736  0.23397491  0.0136887   0.70938383  0.19785713  0.0125381
  0.75734219  0.25000001  0.01289972  0.65964506  0.15048104  0.19720215
  0.2615294   0.76484565  0.21774292]
[3.59699578e-03 1.13357639e-02 3.85358024e-03 3.49438529e-01
 2.28084208e-02 3.06513808e-01 3.81771034e-02 1.81431717e-03
 1.59137734e-02 3.68109237e-03 4.17927640e-03 1.06199069e-02
 3.87976382e-03 5.56478109e-10 1.29885918e-02 5.19088776e-04
 7.94618801e-02 1.19336698e-01 1.14790866e-01 2.36521497e-01
 1.70330941e-01]
10.0
1966948
1.1920928955078125e-07
