[ 0.18188362  0.00940981  0.73961423  0.45732186  0.01282601 -0.28414096
  0.10174626  0.24101674  0.02721385  0.70195916  0.17563687  0.01363427
  0.76399261  0.25000003  0.02059057  0.66094473  0.13341427  0.1246237
  0.26165042  0.66428805  0.13417325]
[4.79803044e-03 1.07925675e-02 5.00442091e-03 3.39155617e-01
 2.01644159e-02 2.92801843e-01 4.74819433e-02 1.08503915e-03
 1.72942089e-02 2.41581881e-03 5.40141249e-03 1.04450066e-02
 4.80010416e-03 1.67698785e-10 1.33987044e-02 4.97162620e-04
 1.16098334e-01 1.77816978e-01 1.27046980e-01 2.97739130e-01
 1.16170786e-01]
10.0
819530
1.1920928955078125e-07
