[ 0.20387133  0.00846486  0.7341689   0.43763196  0.01602376 -0.29120812
  0.07558026  0.2328911   0.01464135  0.71065941  0.19889213  0.01345311
  0.75750927  0.25000001  0.01268656  0.65946984  0.14882509  0.20547289
  0.26361301  0.77011255  0.22277807]
[3.51410533e-03 1.13413170e-02 3.86935926e-03 3.50186962e-01
 2.29649356e-02 3.07133079e-01 3.74219845e-02 1.91789578e-03
 1.58031301e-02 3.86501847e-03 4.09573905e-03 1.06303482e-02
 3.87565245e-03 5.83330613e-10 1.30537718e-02 5.20048719e-04
 7.70998438e-02 1.16466579e-01 1.16825283e-01 2.36076419e-01
 1.73148001e-01]
10.0
2130883
1.1920928955078125e-07
