[ 0.12979563  0.02803341  0.75704073  0.54575193  0.01400023 -0.30262032
  0.11317149  0.24940231  0.05681172  0.68981078  0.12036223  0.03050563
  0.7823119   0.25000001  0.04453414  0.65939426  0.10212421 -0.10218969
  0.21200497  0.34381684  0.01272434]
[3.90732614e-03 6.46624379e-03 7.86218364e-03 2.84733297e-01
 1.32668843e-02 2.37193328e-01 6.23784719e-02 8.72390603e-05
 1.80144229e-02 6.97378626e-04 4.17744051e-03 6.44586197e-03
 7.25535873e-03 2.45436136e-11 1.03718108e-02 4.15145008e-04
 1.45264918e-01 1.97833373e-01 1.61191689e-01 2.22617624e-01
 1.25624297e-02]
10.0
327797
1.1920928955078125e-07
