[ 0.20637444  0.00689852  0.73641682  0.45110262  0.01611224 -0.300398
  0.07613705  0.23086521  0.0119526   0.71363034  0.20125345  0.01200115
  0.75974587  0.25000001  0.00941898  0.65989116  0.14936037  0.22020157
  0.26716693  0.77622062  0.22400688]
[3.23256502e-03 1.15396915e-02 3.84400366e-03 3.42890044e-01
 2.31710930e-02 2.98614978e-01 3.55348984e-02 2.10582287e-03
 1.57036792e-02 4.19265256e-03 3.80658169e-03 1.08207383e-02
 3.87230753e-03 6.52124245e-10 1.32691128e-02 5.28965211e-04
 7.52467287e-02 1.06198649e-01 1.11509229e-01 2.28073508e-01
 1.73827798e-01]
10.0
2786651
1.1920928955078125e-07
