[ 0.2068278   0.00739718  0.73668463  0.45552796  0.01476905 -0.30235045
  0.08410936  0.23050638  0.01196311  0.71398473  0.20153004  0.01262448
  0.75988621  0.25000001  0.00949196  0.65979989  0.15579765  0.21738909
  0.27754394  0.77459929  0.22549406]
[3.17169324e-03 1.16104483e-02 3.82698813e-03 3.38294788e-01
 2.28370646e-02 2.94112316e-01 3.85418029e-02 2.13833994e-03
 1.57860812e-02 4.25048322e-03 3.73652389e-03 1.09446013e-02
 3.86735269e-03 7.28482594e-10 1.33536828e-02 5.23982402e-04
 8.17196133e-02 1.06959668e-01 1.15463525e-01 2.27259938e-01
 1.74646489e-01]
10.0
2950601
1.1920928955078125e-07
