[ 0.18624251  0.00741066  0.73860008  0.46009399  0.00660338 -0.29284761
  0.09971725  0.23872976  0.02121853  0.70451111  0.18018052  0.01253504
  0.76243539  0.25000003  0.01429097  0.6606037   0.14580549  0.12696275
  0.2848656   0.6746857   0.15717637]
[4.51069551e-03 1.08581197e-02 4.70452753e-03 3.33868449e-01
 2.20728034e-02 2.89047150e-01 4.75782612e-02 1.33259611e-03
 1.69389171e-02 2.81888553e-03 5.11226800e-03 1.03600131e-02
 4.59026139e-03 1.59649842e-10 1.34421075e-02 4.81343774e-04
 1.08186709e-01 1.53643578e-01 1.29654876e-01 2.71533932e-01
 1.32471958e-01]
10.0
983443
1.1920928955078125e-07
