[ 0.1737524   0.00632032  0.74028529  0.43411791  0.01330473 -0.25870628
  0.09486696  0.24472573  0.0285624   0.69734833  0.16753687  0.01032044
  0.7651871   0.25000001  0.02009525  0.6610577   0.11687816  0.10009496
  0.25411223  0.63739711  0.09641033]
[5.16684357e-03 1.04493509e-02 5.48180192e-03 3.58824065e-01
 2.04517049e-02 3.07895749e-01 4.82644292e-02 6.60739574e-04
 1.78381448e-02 1.69924086e-03 5.80726719e-03 1.00944415e-02
 5.18511931e-03 3.77254786e-11 1.32828411e-02 4.74801151e-04
 1.16690900e-01 1.99691903e-01 1.28765544e-01 3.24779230e-01
 8.71153807e-02]
10.0
655604
1.1920928955078125e-07
