[ 0.10056201  0.00665095  0.76499485  0.51275941 -0.02877243 -0.26952724
  0.02330057  0.24991763  0.05115242  0.68980875  0.09215671  0.00935752
  0.79075312  0.25000001  0.02008937  0.65748115 -0.04410556 -0.18384271
  0.10184742  0.22033669  0.        ]
[2.47157946e-03 2.19570568e-03 1.23030330e-02 3.53187408e-01
 7.40047311e-03 2.79038428e-01 2.34357803e-02 2.05857933e-05
 1.60291782e-02 6.09444236e-04 2.29822119e-03 2.11972775e-03
 1.11440265e-02 2.15942273e-11 6.39363480e-03 4.67890502e-04
 6.32741162e-02 1.85649806e-01 7.22947495e-02 7.30617752e-02
 0.00000000e+00]
10.0
163894
1.1920928955078125e-07
