[ 0.2072622   0.00758762  0.73622944  0.45208446  0.01426294 -0.2969691
  0.09532828  0.23035127  0.01111975  0.71422956  0.20165746  0.01353258
  0.75890803  0.25000001  0.00909314  0.65979849  0.17938632  0.1928755
  0.31768326  0.76420099  0.22612486]
[3.04182443e-03 1.16988998e-02 3.80246905e-03 3.34718855e-01
 2.34514864e-02 2.90333967e-01 4.96337734e-02 2.15263396e-03
 1.58658667e-02 4.28337636e-03 3.58188448e-03 1.10356657e-02
 3.88748325e-03 7.15175424e-10 1.35387728e-02 5.29427131e-04
 9.16577643e-02 1.07846417e-01 1.34774887e-01 2.18050935e-01
 1.74992408e-01]
10.0
3278494
1.1920928955078125e-07
