[ 0.19993633  0.007377    0.733668    0.43686135  0.01589474 -0.2898317
  0.07511335  0.23508357  0.01478627  0.70798727  0.1948164   0.01251773
  0.7570597   0.25000002  0.0130302   0.65973978  0.15442624  0.17449931
  0.27472809  0.74622034  0.20836158]
[3.87819866e-03 1.11006679e-02 3.89692856e-03 3.48329203e-01
 2.31747538e-02 3.05355842e-01 4.23952890e-02 1.70570028e-03
 1.58526347e-02 3.47809069e-03 4.47493939e-03 1.03826219e-02
 3.92012779e-03 4.59015582e-10 1.29548738e-02 5.02432681e-04
 8.41671502e-02 1.23682596e-01 1.24735320e-01 2.39805099e-01
 1.64947029e-01]
10.0
1639093
1.1920928955078125e-07
