[ 0.20415704  0.00819527  0.73473663  0.44248673  0.01611645 -0.29480426
  0.07476593  0.23172463  0.01432278  0.71207621  0.19913606  0.01324995
  0.75804334  0.25000001  0.01166491  0.65942168  0.14851325  0.20647298
  0.26423458  0.76748163  0.22434985]
[3.43095758e-03 1.12537479e-02 3.87604842e-03 3.47715535e-01
 2.30550351e-02 3.04405003e-01 3.62706845e-02 2.02696999e-03
 1.56069628e-02 4.05548821e-03 4.01483365e-03 1.05247255e-02
 3.88859015e-03 7.66222444e-10 1.29668272e-02 5.14894371e-04
 7.40849140e-02 1.10896664e-01 1.15221018e-01 2.31585494e-01
 1.74016992e-01]
10.0
2294840
1.1920928955078125e-07
