[ 0.19014989  0.0087438   0.73627968  0.45242623  0.00943295 -0.29245464
  0.09202257  0.23765594  0.02022888  0.70525681  0.18441265  0.01409307
  0.7597438   0.25000002  0.01562315  0.6601245   0.15958868  0.12898276
  0.29191062  0.69086947  0.17695697]
[4.19081527e-03 1.12717921e-02 4.43660567e-03 3.35517542e-01
 2.37624493e-02 2.92842360e-01 4.91012990e-02 1.44533022e-03
 1.69924924e-02 3.02216935e-03 4.78002441e-03 1.06178089e-02
 4.38661954e-03 2.24950389e-10 1.36399017e-02 4.86821651e-04
 1.01474722e-01 1.37645098e-01 1.36649968e-01 2.50661001e-01
 1.45643203e-01]
10.0
1147358
1.1920928955078125e-07
