[ 0.1942922   0.00902882  0.73389823  0.44033683  0.01232261 -0.28856709
  0.08553325  0.23711583  0.01849749  0.70535219  0.18887194  0.0144341
  0.75723433  0.25000001  0.01478913  0.65949957  0.16250438  0.14266095
  0.28913421  0.71233162  0.19540535]
[4.03956882e-03 1.11416949e-02 4.19411618e-03 3.44126640e-01
 2.35006059e-02 3.00790184e-01 4.69472987e-02 1.50100486e-03
 1.64168938e-02 3.12697215e-03 4.62540339e-03 1.04487449e-02
 4.18034277e-03 3.65847923e-10 1.30819668e-02 4.89157488e-04
 9.35556323e-02 1.28312201e-01 1.31389865e-01 2.39853918e-01
 1.57222099e-01]
10.0
1311264
1.1920928955078125e-07
