[ 1.04822476e-01  5.80621928e-03  8.22441866e-01  8.50994916e-01
 -2.62923408e-02 -4.71561303e-01 -1.57500071e-02  2.49374939e-01
  6.57823577e-03  6.89072410e-01  2.50000153e-01  6.24666843e-04
  6.65290120e-01 -5.41003828e-02 -1.17333324e-01  1.86220714e-02
  3.70664577e-02  0.00000000e+00]
[1.25066208e-03 1.57024652e-03 2.73567399e-03 2.08062137e-02
 6.64296741e-03 2.09324719e-02 4.11658701e-03 1.55874520e-04
 1.79260491e-02 1.82503589e-03 4.88100850e-07 7.33069697e-03
 6.09460039e-04 4.10496193e-02 8.51912937e-02 1.70407180e-02
 4.87443290e-02 0.00000000e+00]
10.0
307970
1.1920928955078125e-07
