[ 0.10405509  0.00667586  0.81977522  0.84984713 -0.02722458 -0.48128978
 -0.01574479  0.24939334  0.00771793  0.68942798  0.24999874  0.00098731
  0.66540356 -0.05276025 -0.12552387  0.0192435   0.0411562   0.        ]
[1.50340783e-03 1.58313252e-03 3.05690354e-03 1.58266202e-02
 7.03251480e-03 1.72860763e-02 4.98571897e-03 1.51296066e-04
 1.75521970e-02 1.78794068e-03 3.17785149e-07 7.47860422e-03
 6.06492027e-04 4.78034838e-02 1.02634205e-01 1.70871919e-02
 4.93545531e-02 0.00000000e+00]
10.0
225828
1.1920928955078125e-07
