[ 0.09927588  0.00560669  0.81324749  0.83256896 -0.02935478 -0.49179379
 -0.01989931  0.24938911  0.00355391  0.69096416  0.24999774 -0.00392836
  0.66623025 -0.05613724 -0.14010373  0.02947091  0.06167178  0.        ]
[2.33437997e-03 2.19904867e-03 4.73095985e-03 2.16520390e-02
 9.58503409e-03 2.55336830e-02 6.93935810e-03 1.52349230e-04
 1.81973075e-02 1.88037775e-03 3.20343925e-07 8.18988806e-03
 6.82979931e-04 6.91022094e-02 1.73380072e-01 2.62831163e-02
 7.59871549e-02 0.00000000e+00]
10.0
123181
1.1920928955078125e-07
