[ 0.10278451  0.00487083  0.81809803  0.84758881 -0.03118437 -0.48490712
 -0.01816605  0.24939356  0.00590909  0.68946363  0.24999922 -0.00246755
  0.66561758 -0.0612804  -0.13118777  0.02041131  0.04374259  0.        ]
[1.61583483e-03 1.58807319e-03 3.12346952e-03 1.56797726e-02
 7.08075157e-03 1.72483459e-02 5.14695402e-03 1.51241117e-04
 1.74069991e-02 1.79048256e-03 2.73075518e-07 7.39558573e-03
 6.13291449e-04 4.91663779e-02 1.08822449e-01 1.83678109e-02
 5.38062283e-02 0.00000000e+00]
10.0
205298
1.1920928955078125e-07
