[ 9.57583674e-02  5.98929503e-04  8.08135971e-01  8.17153151e-01
 -3.72062632e-02 -4.98550054e-01 -2.81349240e-02  2.49369878e-01
 -8.00895893e-04  6.90971878e-01  2.50000343e-01 -1.09052778e-02
  6.65446268e-01 -7.66430113e-02 -1.42855295e-01  3.91371970e-02
  8.46750677e-02  0.00000000e+00]
[2.95437881e-03 2.08805572e-03 6.22161718e-03 2.99125666e-02
 9.03065972e-03 3.53997455e-02 7.18972054e-03 1.57133357e-04
 1.74516320e-02 1.85195903e-03 4.83221948e-08 7.05741760e-03
 6.13753366e-04 7.09744992e-02 2.45892319e-01 3.35626418e-02
 9.67208815e-02 0.00000000e+00]
10.0
82127
1.1920928955078125e-07
