[ 1.05019427e-01  6.32576307e-03  8.21751608e-01  8.49764637e-01
 -2.49346636e-02 -4.72879570e-01 -1.50129671e-02  2.49381591e-01
  5.18289368e-03  6.88913689e-01  2.49999910e-01 -2.55249170e-04
  6.65585217e-01 -5.06221436e-02 -1.18782633e-01  1.96335597e-02
  3.94371105e-02  0.00000000e+00]
[1.31820160e-03 1.64391873e-03 2.80514297e-03 2.09207042e-02
 6.92252678e-03 2.12701388e-02 4.32447725e-03 1.54219892e-04
 1.80768619e-02 1.81099045e-03 5.00684096e-07 7.42953275e-03
 6.09889878e-04 4.29129539e-02 8.93333595e-02 1.81409576e-02
 5.20628078e-02 0.00000000e+00]
10.0
287431
1.1920928955078125e-07
