[ 1.04492781e-01  6.98329813e-03  8.20901259e-01  8.52358766e-01
 -2.66164316e-02 -4.79642279e-01 -1.52563311e-02  2.49391135e-01
  4.85173904e-03  6.89290031e-01  2.49998009e-01 -4.11628625e-04
  6.65377632e-01 -5.20732391e-02 -1.22907415e-01  1.77241368e-02
  3.78109590e-02  0.00000000e+00]
[1.39933285e-03 1.51086936e-03 2.89593625e-03 1.48345557e-02
 6.72089613e-03 1.62732464e-02 4.65793018e-03 1.51845552e-04
 1.79645373e-02 1.78994921e-03 4.52908089e-07 7.56495211e-03
 6.09133119e-04 4.52236075e-02 9.55985236e-02 1.57205637e-02
 4.53830905e-02 0.00000000e+00]
10.0
246360
1.1920928955078125e-07
