[ 0.10088158  0.00525747  0.81534935  0.83743635 -0.03017309 -0.48831761
 -0.01862562  0.2493894   0.00312763  0.69049923  0.24999856 -0.00244328
  0.66646759 -0.05572432 -0.13622448  0.02773618  0.05707333  0.        ]
[2.15533798e-03 2.01733073e-03 4.17613835e-03 2.03550622e-02
 9.05882290e-03 2.28565256e-02 6.71853370e-03 1.52277277e-04
 1.79504426e-02 1.86135307e-03 2.93051206e-07 8.10637204e-03
 6.62366095e-04 6.39392464e-02 1.50261638e-01 2.53115893e-02
 7.33732471e-02 0.00000000e+00]
10.0
143711
1.1920928955078125e-07
