[ 0.09882464 -0.00367247  0.8030028   0.78595983 -0.0400275  -0.49863178
 -0.0303544   0.24939113  0.00822881  0.69024352  0.24999975 -0.00600201
  0.66428626 -0.07460613 -0.10421755  0.0691134   0.16046047  0.        ]
[4.93435210e-03 2.63997569e-03 8.66433237e-03 5.25098368e-02
 1.09851680e-02 5.65378688e-02 1.10770234e-02 1.51845552e-04
 1.58227608e-02 1.69565932e-03 2.78249308e-08 6.37177821e-03
 5.22441931e-04 9.64273942e-02 4.06651445e-01 5.89018144e-02
 1.75276190e-01 0.00000000e+00]
10.0
41060
1.1920928955078125e-07
