[ 0.1019275   0.00520761  0.81646044  0.84128752 -0.03022602 -0.48658014
 -0.01839826  0.24938658  0.00693134  0.69065814  0.2499993  -0.00112498
  0.66594187 -0.05729557 -0.13328941  0.02484407  0.05251215  0.        ]
[1.95775208e-03 1.83030377e-03 3.74713467e-03 1.90380170e-02
 8.21598579e-03 2.09336773e-02 6.03528533e-03 1.52978805e-04
 1.77457762e-02 1.85081915e-03 2.80408176e-07 7.72694792e-03
 6.48839455e-04 5.75185788e-02 1.33284251e-01 2.24485600e-02
 6.64243760e-02 0.00000000e+00]
10.0
164243
1.1920928955078125e-07
