[ 0.09928014  0.00589487  0.81243413  0.82655669 -0.02818588 -0.49170332
 -0.01934784  0.24938142  0.00188205  0.69097295  0.2499986  -0.00575795
  0.66609126 -0.05068964 -0.13524339  0.03536361  0.07400206  0.        ]
[2.71754312e-03 2.35732953e-03 5.51275535e-03 2.55803927e-02
 1.02701942e-02 3.00569950e-02 7.95551428e-03 1.54263058e-04
 1.75128526e-02 1.87796328e-03 2.08606970e-07 7.90831617e-03
 6.65441117e-04 7.63112472e-02 2.04826039e-01 3.13303902e-02
 9.02694103e-02 0.00000000e+00]
10.0
102654
1.1920928955078125e-07
