[ 1.02538217e-01  5.75729433e-03  8.16236966e-01  8.43821796e-01
 -2.90403524e-02 -4.87973363e-01 -1.76808888e-02  2.49396534e-01
  6.37089398e-03  6.89954505e-01  2.49999615e-01  6.84849348e-05
  6.65868092e-01 -5.60068836e-02 -1.37156843e-01  2.20894023e-02
  4.74487782e-02  0.00000000e+00]
[1.76387646e-03 1.67309167e-03 3.36131227e-03 1.70121472e-02
 7.51114594e-03 1.87299849e-02 5.43753913e-03 1.50502330e-04
 1.74256262e-02 1.80826916e-03 2.59876637e-07 7.49540510e-03
 6.25278515e-04 5.22054611e-02 1.19328981e-01 2.00159439e-02
 5.93417808e-02 0.00000000e+00]
10.0
184766
1.1920928955078125e-07
