[ 0.1259494  -0.00629099  0.83298449  0.78700241 -0.03328397 -0.41526494
 -0.01248408  0.2493547   0.02035625  0.68875612  0.25000006 -0.00368677
  0.66665046 -0.05197262  0.12464675  0.08661323  0.26885748  0.        ]
[5.05945447e-03 3.50782611e-03 9.79003259e-03 9.88902140e-02
 1.19610331e-02 8.46875575e-02 1.13797472e-02 1.60909255e-04
 1.38144921e-02 1.72698766e-03 4.59795219e-08 7.06598398e-03
 4.89752794e-04 8.70863736e-02 3.88840270e-01 6.72737622e-02
 2.33528919e-01 0.00000000e+00]
10.0
20533
1.1920928955078125e-07
