[ 9.53381077e-02  2.11073201e-04  8.04592490e-01  8.03229248e-01
 -3.60266257e-02 -5.03066512e-01 -2.98915379e-02  2.49391135e-01
  5.55528262e-03  6.91937134e-01  2.49999271e-01 -1.08593537e-02
  6.65607651e-01 -7.15287465e-02 -1.38855763e-01  4.98771290e-02
  1.11372458e-01  0.00000000e+00]
[3.78702274e-03 2.34819365e-03 7.57083005e-03 3.71281701e-02
 1.00731235e-02 4.40414698e-02 8.31267423e-03 1.51845552e-04
 1.76598961e-02 1.81108929e-03 3.52709868e-08 6.92902033e-03
 6.13211847e-04 8.30591712e-02 3.16281416e-01 4.33355857e-02
 1.25548638e-01 0.00000000e+00]
10.0
61590
1.1920928955078125e-07
