[ 0.10499513  0.00636161  0.82124757  0.84857896 -0.02463589 -0.47381529
 -0.01515282  0.24938927  0.00529118  0.68898008  0.24999874 -0.00090719
  0.66585544 -0.0497098  -0.11929548  0.02088267  0.04209836  0.        ]
[1.40983472e-03 1.72373292e-03 2.88304666e-03 2.11301025e-02
 7.23376590e-03 2.16430984e-02 4.56932022e-03 1.52310487e-04
 1.78989750e-02 1.79061810e-03 4.71020997e-07 7.54897027e-03
 6.02237489e-04 4.50589276e-02 9.40421183e-02 1.94264276e-02
 5.58775515e-02 0.00000000e+00]
10.0
266892
1.1920928955078125e-07
