[ 0.20898743 -0.00244724  0.75017899  0.19137964 -0.05038496 -0.9291293
  0.02168706  0.0050621  -0.02253032 -0.1006686   0.05046912 -0.03785717
  0.04101256 -0.00413362 -0.09149222  0.18315648  0.30671819  0.0976919
  0.82524906  0.35143789]
[0.00231572 0.01465678 0.00412749 0.06005136 0.02437813 0.01312448
 0.00334933 0.00403937 0.00234166 0.0472029  0.02437163 0.01252313
 0.00231572 0.00501857 0.00375932 0.13090673 0.08955303 0.05065052
 0.19257168 0.2279293 ]
10.0
2458571
1.1920928955078125e-07
