[ 0.20853859  0.00171024  0.75159256  0.20302926 -0.04455883 -0.92816066
  0.01971232  0.00465865 -0.02044311 -0.10099109  0.04471249 -0.03472201
  0.04146141 -0.0052879  -0.0926449   0.19440708  0.29869515  0.09364374
  0.80861289  0.36278167]
[0.00229818 0.01418099 0.00416734 0.06085756 0.02202236 0.01243151
 0.00346689 0.0038127  0.00206998 0.04610929 0.02201644 0.01131312
 0.00229818 0.00497833 0.00382535 0.13365903 0.08379504 0.04714122
 0.18683532 0.23117113]
10.0
3278137
1.1920928955078125e-07
