[ 0.20892782 -0.00189107  0.75040661  0.19304851 -0.04783142 -0.9299553
  0.0215101   0.00501583 -0.02205052 -0.10120903  0.04791714 -0.03661406
  0.04107217 -0.00401629 -0.09155162  0.18370666  0.30408587  0.09473151
  0.82018644  0.35820521]
[0.00228407 0.01434723 0.00407923 0.05934266 0.02358587 0.01269905
 0.00333226 0.00394443 0.00226767 0.04651253 0.02358013 0.01201573
 0.00228407 0.00491017 0.00370591 0.12851371 0.08743365 0.04865667
 0.19019534 0.22989424]
10.0
2622480
1.1920928955078125e-07
