[ 0.20906213 -0.0040216   0.75095594  0.19042199 -0.051665   -0.92831468
  0.02213507  0.00475685 -0.02375203 -0.10215759  0.05175412 -0.03956051
  0.04093787 -0.00486801 -0.09215679  0.1763762   0.3114385   0.09748248
  0.82852321  0.33570479]
[0.00237434 0.01479373 0.00416648 0.05935086 0.02630609 0.01364513
 0.00336745 0.0042444  0.00251849 0.04701129 0.02629857 0.01314857
 0.00237434 0.00489838 0.00383575 0.1292436  0.09162979 0.05244816
 0.19467855 0.22300708]
10.0
2130759
1.1920928955078125e-07
