[ 0.20479752  0.00239711  0.75830929  0.19448268 -0.0435839  -0.92657904
  0.0327284   0.00683246 -0.03935013 -0.13597973  0.04367603 -0.05214996
  0.04520248 -0.00750584 -0.09885165  0.17436246  0.32509507  0.09055045
  0.82379788  0.22280407]
[0.003066   0.01597184 0.00499717 0.05257202 0.03464386 0.01451235
 0.00381141 0.00672168 0.00452041 0.0488738  0.03462546 0.01502179
 0.003066   0.00531983 0.0046094  0.12949471 0.13652239 0.06127461
 0.23823105 0.17316242]
10.0
655576
1.1920928955078125e-07
