[ 0.20837306 -0.00354321  0.75347398  0.18355206 -0.04906604 -0.93319344
  0.02730774  0.00478546 -0.03236774 -0.11638581  0.04911979 -0.04237185
  0.04162694 -0.00621018 -0.09488199  0.16301885  0.32677416  0.08926131
  0.83662372  0.29568337]
[0.00262432 0.01516472 0.004479   0.05084155 0.03029297 0.01191666
 0.00345639 0.00546364 0.00364237 0.04417181 0.03028183 0.01198548
 0.00262432 0.00512774 0.00414088 0.11978827 0.10693506 0.0486941
 0.20905103 0.20825471]
10.0
983383
1.1920928955078125e-07
