[ 0.20976693 -0.007654    0.75107855  0.17517975 -0.04569096 -0.93815772
  0.02377638  0.00426579 -0.02708252 -0.09789685  0.04571443 -0.03371048
  0.04023307 -0.00418712 -0.09261983  0.15535288  0.32844661  0.07999359
  0.84271275  0.30691957]
[0.00244396 0.01489465 0.00409273 0.05129822 0.02610468 0.00968162
 0.00332252 0.00462631 0.00287802 0.04071076 0.02609955 0.00918346
 0.00244396 0.00449416 0.00373084 0.11681933 0.0875172  0.0370564
 0.19712784 0.21271995]
10.0
1639032
1.1920928955078125e-07
