[ 2.08654209e-01  2.35799075e-04  7.51117019e-01  1.98949199e-01
 -4.53707207e-02 -9.29661332e-01  2.02129392e-02  4.72438976e-03
 -2.06147951e-02 -9.97837018e-02  4.54896830e-02 -3.42583581e-02
  4.13457863e-02 -4.68342501e-03 -9.22103700e-02  1.89854012e-01
  3.01262557e-01  9.32136604e-02  8.13199737e-01  3.63200095e-01]
[0.00228956 0.0142952  0.00410955 0.05992561 0.02206378 0.01210115
 0.00343211 0.00386978 0.00210214 0.04563056 0.02205781 0.01109044
 0.00228956 0.00499261 0.0037781  0.13203921 0.08452302 0.04621073
 0.18775672 0.23128579]
10.0
3114220
1.1920928955078125e-07
