[ 0.20252402  0.008957    0.76032759  0.20062176 -0.04082249 -0.9261775
  0.03941255  0.00816715 -0.04638029 -0.16277576  0.04085567 -0.06006528
  0.04747598 -0.00707641 -0.10142952  0.19344955  0.32535595  0.09358844
  0.821452    0.19273942]
[0.00319775 0.01704128 0.00548143 0.05158061 0.03424938 0.01444971
 0.0037024  0.00819737 0.0052256  0.05107051 0.03423542 0.01496335
 0.00319775 0.00539828 0.00506971 0.14321837 0.16191478 0.06565127
 0.25535309 0.15559094]
10.0
491669
1.1920928955078125e-07
