[ 0.20893224 -0.00117818  0.75073645  0.1938362  -0.04601021 -0.930285
  0.02095698  0.0048978  -0.02149476 -0.09942827  0.04610007 -0.03534787
  0.04106775 -0.00379049 -0.09179234  0.18516524  0.30513188  0.0929573
  0.81971283  0.36096063]
[0.0022891  0.01444421 0.00407137 0.05948456 0.02296824 0.01242763
 0.00336775 0.00393659 0.00220315 0.04600125 0.02296301 0.01164392
 0.0022891  0.00505157 0.00372752 0.12924738 0.08648726 0.04727143
 0.19011773 0.23066805]
10.0
2786387
1.1920928955078125e-07
