[ 0.20938853 -0.00619783  0.75152837  0.18363706 -0.04765861 -0.93299335
  0.02200005  0.00454635 -0.02463864 -0.09621901  0.04774727 -0.0351675
  0.04061147 -0.00316312 -0.09290169  0.1641505   0.32030649  0.08715669
  0.83367868  0.32288398]
[0.00240705 0.01469926 0.0041415  0.05594706 0.02599089 0.01159156
 0.0033973  0.00433482 0.00263154 0.04333025 0.02598329 0.01099919
 0.00240705 0.00470796 0.00381012 0.1200942  0.08887688 0.0435018
 0.19754574 0.21862992]
10.0
1966852
1.1920928955078125e-07
