[ 0.20889042 -0.00321079  0.75041006  0.19153301 -0.05181606 -0.92891498
  0.021991    0.00462986 -0.02293599 -0.10180422  0.05189387 -0.0384311
  0.04110957 -0.00358254 -0.09181001  0.17960052  0.30690216  0.09796772
  0.82443611  0.3483598 ]
[0.00234204 0.01457315 0.00415255 0.05928251 0.02519899 0.01326568
 0.00335772 0.00411878 0.0024272  0.04674331 0.02519236 0.01269834
 0.00234204 0.0049485  0.00378465 0.12978576 0.08975968 0.05111319
 0.19125804 0.22700525]
10.0
2294662
1.1920928955078125e-07
