[ 0.20976848 -0.00785675  0.75143806  0.1783272  -0.04556707 -0.93637439
  0.02246776  0.0042512  -0.02570386 -0.09489567  0.04564107 -0.03324355
  0.04023151 -0.00307457 -0.0929021   0.15613015  0.32668905  0.08163374
  0.83990711  0.31393838]
[0.00242585 0.01468858 0.00410778 0.05334075 0.02587075 0.01011459
 0.0033679  0.00447445 0.00275303 0.04145976 0.02586315 0.00953739
 0.00242585 0.00468629 0.0037902  0.1156358  0.0881226  0.03827626
 0.20006065 0.21538107]
10.0
1802943
1.1920928955078125e-07
