[ 0.20854123 -0.00353191  0.75287529  0.17974582 -0.0462632  -0.93491954
  0.02636092  0.00482283 -0.03106482 -0.10889483  0.04631608 -0.03930415
  0.04145877 -0.00537406 -0.09449654  0.16611382  0.32820411  0.08518432
  0.83915646  0.30173339]
[0.00265699 0.01532979 0.00436844 0.05143706 0.02900095 0.01103863
 0.00351831 0.00514675 0.00344233 0.0436921  0.02899185 0.01095057
 0.00265699 0.00493334 0.00404616 0.12406115 0.10225477 0.04381922
 0.20981274 0.21069035]
10.0
1147291
1.1920928955078125e-07
