[ 0.20684893  0.00210118  0.7562216   0.19272103 -0.04813468 -0.92890048
  0.02820601  0.00575491 -0.0346554  -0.12259617  0.04828074 -0.04559021
  0.04315107 -0.00737754 -0.09711936  0.17971438  0.32537315  0.09261909
  0.82764946  0.26047213]
[0.00284237 0.0156763  0.00482749 0.05335453 0.03154863 0.01278243
 0.0037343  0.00603196 0.00406483 0.0477007  0.03152659 0.01309493
 0.00284237 0.00552465 0.00447831 0.12647588 0.1195464  0.05292507
 0.22525702 0.1926264 ]
10.0
819485
1.1920928955078125e-07
