[ 0.20900776 -0.0067107   0.75237791  0.17893817 -0.04472452 -0.93638724
  0.02533183  0.00466215 -0.02918044 -0.10543162  0.04475049 -0.03686476
  0.04099224 -0.00379289 -0.09358814  0.15516618  0.32821926  0.081211
  0.83885676  0.30993681]
[0.00255691 0.01479837 0.00426539 0.05139359 0.02734564 0.01042058
 0.00341534 0.00489629 0.00322003 0.04248379 0.02733853 0.01013384
 0.00255691 0.00467458 0.00391723 0.118394   0.0953089  0.04032334
 0.20368124 0.21387598]
10.0
1311206
1.1920928955078125e-07
