[ 0.18246554 -0.01692724  0.79860172  0.3122992  -0.12204963 -0.86713493
  0.06753446  0.01782657 -0.09616836 -0.3122992   0.12204963 -0.13286507
  0.06753446 -0.01150217 -0.13848737  0.13552202  0.32950204  0.20194368
  0.7397961   0.05764338]
[0.00416389 0.02060084 0.00903887 0.0512309  0.06114671 0.02327252
 0.00416389 0.01756086 0.0086767  0.0512309  0.06114671 0.02327252
 0.00416389 0.00740366 0.00833349 0.17202243 0.34793982 0.137597
 0.37189625 0.05432062]
10.0
163887
1.1920928955078125e-07
