[ 2.08773510e-01 -3.56841969e-04  7.50713956e-01  1.94476129e-01
 -4.41354740e-02 -9.30925579e-01  2.08423672e-02  4.86768123e-03
 -2.10055359e-02 -9.87911892e-02  4.42217389e-02 -3.42433430e-02
  4.12264854e-02 -4.20301954e-03 -9.17496062e-02  1.86287796e-01
  3.03536930e-01  9.06145751e-02  8.16995966e-01  3.63121932e-01]
[0.00227846 0.01434655 0.00406946 0.05922151 0.02221379 0.01217338
 0.00337481 0.00387956 0.00214407 0.04522398 0.02220917 0.01125018
 0.00227846 0.00497399 0.0037256  0.128999   0.08480552 0.04573938
 0.18783994 0.23126439]
10.0
2950301
1.1920928955078125e-07
