[ 0.19416955  0.00219891  0.7710631   0.22937926 -0.0553715  -0.91229153
  0.05081423  0.0095305  -0.06087352 -0.20588844  0.05535072 -0.07916811
  0.05583045 -0.0135814  -0.11154162  0.18601446  0.3235791   0.11947243
  0.7968166   0.16441307]
[0.00350124 0.01953723 0.00649082 0.05547752 0.04082771 0.01573811
 0.00382924 0.01089377 0.00659848 0.05913027 0.04081724 0.01677705
 0.00350124 0.00603478 0.00603029 0.16636152 0.21944609 0.08107112
 0.30841701 0.13738141]
10.0
327772
1.1920928955078125e-07
