[ 0.20941278 -0.0055576   0.75208537  0.17868237 -0.04109121 -0.93815355
  0.02438869  0.00489442 -0.02831838 -0.10260975  0.04112356 -0.03415664
  0.04058722 -0.00436928 -0.09327464  0.15697113  0.32941109  0.07616114
  0.8396914   0.30304415]
[0.00249741 0.01483396 0.00417678 0.05127721 0.0251219  0.00985295
 0.00336922 0.00475848 0.00304789 0.0416413  0.02511588 0.00939913
 0.00249742 0.00462573 0.00383485 0.11813126 0.09116961 0.03665603
 0.20065162 0.21120839]
10.0
1475125
1.1920928955078125e-07
