[ 1.97810308e-01 -1.94594407e-02  7.43178143e-01  1.53477252e-01
 -4.70791348e-02 -9.34847824e-01  1.21374756e-02 -4.86879951e-05
 -1.52936240e-02 -5.00885807e-02  4.68442466e-02 -2.76247368e-02
  4.66778456e-02  3.71765347e-03 -7.75914725e-02  1.34855678e-01
  2.73767013e-01  8.43862214e-02  8.15076027e-01]
[0.00262427 0.0143788  0.00424952 0.06898259 0.02171589 0.00958939
 0.00426287 0.00364589 0.00242247 0.05186733 0.02170244 0.00920661
 0.00261781 0.00452853 0.0045412  0.11552448 0.1104469  0.02997825
 0.27514191]
10.0
1475011
1.1920928955078125e-07
