[ 1.98951826e-01 -2.02223009e-02  7.42950502e-01  1.51833755e-01
 -4.91010777e-02 -9.33449842e-01  9.84595082e-03  6.10384176e-04
 -1.38706908e-02 -4.35934130e-02  4.88844817e-02 -2.72334108e-02
  4.55327813e-02  3.18081341e-03 -7.70210007e-02  1.34073314e-01
  2.80237277e-01  8.58980474e-02  8.23960956e-01]
[0.00250999 0.0146038  0.00432633 0.06952052 0.02308586 0.01060064
 0.00410512 0.00347617 0.00218538 0.04929714 0.0230717  0.00994824
 0.00249315 0.00452985 0.0046023  0.11433503 0.10816431 0.03203961
 0.26849059]
10.0
1802802
1.1920928955078125e-07
