[ 1.80124740e-01 -6.76180812e-03  7.79701662e-01  6.18981804e-01
 -8.54370438e-03 -3.85277805e-01  1.44461627e-02  2.44738541e-01
  3.51165517e-03  6.93160847e-01  1.71497378e-01 -3.25761520e-03
  8.04678249e-01  2.49999974e-01  3.04680706e-04  6.56504953e-01
  3.54878465e-02  2.22145242e-01  1.69024948e-01  6.27781419e-01]
[4.88454924e-03 1.07269588e-02 5.18922000e-03 2.35717336e-01
 2.37831309e-02 1.81948408e-01 2.66919782e-02 6.74606518e-04
 1.83167501e-02 9.98163498e-04 5.51125173e-03 9.98091544e-03
 5.02315025e-03 3.32047247e-10 1.00989704e-02 4.32001398e-04
 1.10178752e-01 1.81545506e-01 1.02782369e-01 3.45302745e-01]
10.0
327788
1.1920928955078125e-07
