[ 0.19973613 -0.00113936  0.73649086  0.45438807  0.00974622 -0.30207542
  0.03015732  0.21390196 -0.00312661  0.71574263  0.19501654  0.00123065
  0.75997423  0.25000001 -0.00189399  0.65614768  0.03192196  0.27581768
  0.12177528  0.8004703 ]
[3.12311243e-03 1.01339138e-02 3.91149634e-03 3.59830908e-01
 1.69545020e-02 3.10713704e-01 1.37783500e-02 3.31647077e-03
 1.39670854e-02 4.26338819e-03 3.58917701e-03 9.74293067e-03
 4.04780570e-03 8.43421111e-10 1.08063572e-02 4.14094374e-04
 6.79741802e-02 1.15487610e-01 4.48329345e-02 2.49381226e-01]
10.0
2458719
1.1920928955078125e-07
