[ 0.19967269  0.00089331  0.73691344  0.46037416  0.00857978 -0.3078661
  0.03128056  0.21443169 -0.00090963  0.71545455  0.19487888  0.00319072
  0.76039704  0.25       -0.00130323  0.65641658  0.03420387  0.27460468
  0.11907782  0.79730736]
[3.15774026e-03 1.01025148e-02 3.94111427e-03 3.55193229e-01
 1.67273026e-02 3.06052059e-01 1.42494255e-02 3.27934216e-03
 1.39623010e-02 4.20448342e-03 3.62096391e-03 9.72421190e-03
 4.07351485e-03 7.53137865e-10 1.09142000e-02 4.18647185e-04
 6.92586232e-02 1.17199466e-01 4.55540593e-02 2.50048646e-01]
10.0
2294794
1.1920928955078125e-07
