[ 0.18761373 -0.00935051  0.76113763  0.57196515 -0.01014541 -0.37639829
  0.02238547  0.23617918 -0.00346324  0.69792424  0.18072222 -0.00594026
  0.7856899   0.25       -0.00669877  0.65639984  0.02762247  0.24508227
  0.16178992  0.70637825]
[4.36023232e-03 1.06467488e-02 4.98768275e-03 2.66569751e-01
 2.19442823e-02 2.18947617e-01 2.31145075e-02 1.62942112e-03
 1.72628047e-02 1.79469628e-03 4.95086254e-03 1.00581539e-02
 4.96298492e-03 3.99016439e-10 1.00824532e-02 4.33684985e-04
 1.00648020e-01 1.59034317e-01 7.92844233e-02 3.13922070e-01]
10.0
491694
1.1920928955078125e-07
