[ 2.00082437e-01  7.99065270e-04  7.37227926e-01  4.61087069e-01
  1.02556049e-02 -3.05398945e-01  3.98963026e-02  2.10860162e-01
 -3.84969270e-04  7.18922877e-01  1.95101553e-01  3.53406839e-03
  7.60344328e-01  2.50000016e-01  1.49361027e-03  6.56644128e-01
  5.00337088e-02  2.60151705e-01  1.43687769e-01  7.83507278e-01]
[3.04163117e-03 9.94213392e-03 3.95758500e-03 3.54412724e-01
 1.68048059e-02 3.03592895e-01 1.76228818e-02 3.46376454e-03
 1.35740736e-02 4.55849336e-03 3.48676751e-03 9.56025871e-03
 4.12333040e-03 9.30967776e-10 1.12705699e-02 4.29470248e-04
 7.03083758e-02 1.11378037e-01 5.52663180e-02 2.35452489e-01]
10.0
3278379
1.1920928955078125e-07
