[ 2.00014777e-01  2.37606214e-04  7.36983686e-01  4.60573301e-01
  1.01917870e-02 -3.05675869e-01  4.09383001e-02  2.11365794e-01
 -1.15171878e-03  7.18216836e-01  1.95064031e-01  2.96617003e-03
  7.60137118e-01  2.50000016e-01  1.16150699e-04  6.56530276e-01
  4.86249517e-02  2.61376449e-01  1.43875043e-01  7.86414534e-01]
[3.05498332e-03 1.00073304e-02 3.94091381e-03 3.53939738e-01
 1.68119480e-02 3.03831060e-01 1.80719349e-02 3.44505046e-03
 1.36725996e-02 4.51108004e-03 3.50158764e-03 9.63719518e-03
 4.10031743e-03 9.39946016e-10 1.12238833e-02 4.31903681e-04
 7.17994528e-02 1.13739054e-01 5.58405447e-02 2.38575813e-01]
10.0
3114444
1.1920928955078125e-07
