[ 1.98585358e-01  2.45935707e-03  7.37622830e-01  4.79729215e-01
  8.04765166e-03 -3.25328610e-01  2.95193769e-02  2.15406303e-01
  9.23457553e-04  7.14590738e-01  1.93654141e-01  4.64677459e-03
  7.61221393e-01  2.50000000e-01 -7.83700302e-04  6.56230526e-01
  3.32984871e-02  2.68789273e-01  1.12941429e-01  7.85385639e-01]
[3.17232565e-03 9.97512035e-03 3.95586167e-03 3.39945804e-01
 1.65260166e-02 2.92698814e-01 1.39143835e-02 3.21145591e-03
 1.39619300e-02 4.12308182e-03 3.63575791e-03 9.59721753e-03
 4.07887254e-03 7.96337872e-10 1.08325975e-02 4.09470136e-04
 7.05256804e-02 1.13401173e-01 4.42804938e-02 2.44149855e-01]
10.0
1966961
1.1920928955078125e-07
