[ 1.92235138e-01  5.07436422e-04  7.46924978e-01  5.17490752e-01
  4.96218798e-04 -3.46614221e-01  2.14674158e-02  2.24307916e-01
  1.28961808e-03  7.04146647e-01  1.86512415e-01  3.07018285e-03
  7.70952795e-01  2.50000034e-01 -3.03898469e-03  6.55418553e-01
  4.06026066e-02  2.44512884e-01  1.25932766e-01  7.39918902e-01]
[3.87837112e-03 1.04506454e-02 4.58603361e-03 3.12625632e-01
 1.88504933e-02 2.62668022e-01 1.74566609e-02 2.75047279e-03
 1.56580405e-02 2.85503063e-03 4.38208837e-03 9.97023537e-03
 4.65982852e-03 1.13310382e-09 1.05796220e-02 3.96662407e-04
 8.80798500e-02 1.37533387e-01 5.53713358e-02 2.74794464e-01]
10.0
819524
1.1920928955078125e-07
