[ 0.19731704 -0.00130354  0.73979861  0.47678971  0.00621089 -0.31829191
  0.02999545  0.2153292  -0.00292942  0.7142474   0.19225404  0.00108715
  0.7632938   0.25000003 -0.00482331  0.65622636  0.02785225  0.26624005
  0.123712    0.77852399]
[3.31962162e-03 9.81779782e-03 4.05046383e-03 3.44022119e-01
 1.71357668e-02 2.94480998e-01 1.47846506e-02 3.25034277e-03
 1.42082691e-02 4.07319423e-03 3.79583124e-03 9.41824830e-03
 4.17184362e-03 6.92693836e-10 1.07617284e-02 4.12325481e-04
 6.92201560e-02 1.18996311e-01 5.03832394e-02 2.53702542e-01]
10.0
1639115
1.1920928955078125e-07
