[ 0.19371054 -0.00144273  0.744263    0.49305274  0.00290623 -0.32544984
  0.02024891  0.22195764 -0.00271224  0.70654854  0.18824931  0.00095486
  0.76815878  0.25000004 -0.00537065  0.65602924  0.03235791  0.25407744
  0.11912458  0.75581734]
[3.64747578e-03 1.02918602e-02 4.43952300e-03 3.34772809e-01
 1.82238365e-02 2.82176275e-01 1.53900050e-02 2.88290275e-03
 1.52774688e-02 3.23891899e-03 4.13756476e-03 9.83874443e-03
 4.54291429e-03 1.00297657e-09 1.07983124e-02 4.24773059e-04
 8.17192309e-02 1.30739489e-01 4.85736286e-02 2.68181752e-01]
10.0
983454
1.1920928955078125e-07
