[ 1.95011373e-01 -2.90537418e-03  7.42401053e-01  4.76355504e-01
  6.60323720e-03 -3.11337966e-01  2.01486527e-02  2.19714946e-01
 -5.36628430e-03  7.09076288e-01  1.89739431e-01 -6.45282398e-04
  7.66177127e-01  2.50000025e-01 -4.77403934e-03  6.56042731e-01
  2.65448306e-02  2.62614680e-01  1.14399383e-01  7.69749321e-01]
[3.50413916e-03 1.02021313e-02 4.32572435e-03 3.48683992e-01
 1.77198792e-02 2.95210532e-01 1.40901306e-02 3.01905342e-03
 1.50345439e-02 3.55504239e-03 3.98437005e-03 9.77513628e-03
 4.45175966e-03 8.88001741e-10 1.06422884e-02 4.15357871e-04
 7.75350668e-02 1.27878548e-01 4.40919092e-02 2.65847905e-01]
10.0
1147371
1.1920928955078125e-07
