[ 1.95983298e-01 -2.45026351e-03  7.40712289e-01  4.79354291e-01
  4.23228151e-03 -3.18630700e-01  3.06951172e-02  2.15551538e-01
 -4.68238665e-03  7.13487426e-01  1.90824947e-01  4.14647376e-05
  7.64144918e-01  2.50000023e-01 -5.07671396e-03  6.55954626e-01
  2.68586661e-02  2.60502468e-01  1.29216546e-01  7.70528576e-01]
[3.34592692e-03 9.85142252e-03 4.06266452e-03 3.42125393e-01
 1.75084634e-02 2.92238224e-01 1.58617590e-02 3.28481258e-03
 1.41946544e-02 3.98272088e-03 3.82145690e-03 9.45052257e-03
 4.18370791e-03 7.13783650e-10 1.04518984e-02 4.08565255e-04
 7.12703258e-02 1.21615483e-01 5.41426709e-02 2.57008896e-01]
10.0
1475199
1.1920928955078125e-07
