[ 0.19957705 -0.00097844  0.73658993  0.45776294  0.00859469 -0.30351109
  0.04195652  0.21244776 -0.00293064  0.71686062  0.19464985  0.00178741
  0.75977155  0.25000002 -0.00103809  0.65640382  0.04590497  0.26107261
  0.14680517  0.78894098]
[3.07729804e-03 1.00475705e-02 3.91885223e-03 3.54831245e-01
 1.68854594e-02 3.05418240e-01 1.93649472e-02 3.40523286e-03
 1.38225005e-02 4.37205652e-03 3.52562872e-03 9.69729562e-03
 4.07288662e-03 9.58312788e-10 1.09917814e-02 4.25883418e-04
 7.47168946e-02 1.17215585e-01 5.83919684e-02 2.43695524e-01]
10.0
2786593
1.1920928955078125e-07
