[ 1.99728807e-01 -6.15708629e-04  7.36528208e-01  4.58879333e-01
  8.84078534e-03 -3.05268425e-01  3.84821594e-02  2.13376201e-01
 -2.68670660e-03  7.16310347e-01  1.94853053e-01  2.02060791e-03
  7.59808072e-01  2.50000009e-01 -9.21264061e-04  6.56217228e-01
  4.23785938e-02  2.65492219e-01  1.38980260e-01  7.92381827e-01]
[3.07986157e-03 1.00848849e-02 3.90823710e-03 3.54346156e-01
 1.68790991e-02 3.05376359e-01 1.80802967e-02 3.33224524e-03
 1.38887504e-02 4.29840712e-03 3.53522851e-03 9.72475424e-03
 4.05268193e-03 8.49734696e-10 1.09200008e-02 4.16031975e-04
 7.36848155e-02 1.16111830e-01 5.54287619e-02 2.44729409e-01]
10.0
2622656
1.1920928955078125e-07
