[ 1.99523640e-01  2.28572132e-03  7.37210848e-01  4.70840434e-01
  8.34179442e-03 -3.16813574e-01  2.97998157e-02  2.15009495e-01
  7.34575183e-04  7.15113173e-01  1.94683696e-01  4.40204808e-03
  7.60809100e-01  2.50000003e-01 -1.25396215e-04  6.55899232e-01
  3.21199812e-02  2.77022839e-01  1.10457726e-01  7.96761719e-01]
[3.16512498e-03 1.00953852e-02 3.93342737e-03 3.47074609e-01
 1.63650312e-02 3.00046910e-01 1.34942803e-02 3.21800156e-03
 1.40276393e-02 4.18162801e-03 3.63879944e-03 9.73119520e-03
 4.05948399e-03 7.53264682e-10 1.09189151e-02 4.05551338e-04
 7.01096604e-02 1.16773814e-01 4.19248782e-02 2.53381723e-01]
10.0
2130872
1.1920928955078125e-07
