[ 0.16451566  0.00575994  0.8219935   0.73601777 -0.01289819 -0.41512282
  0.03340135  0.24894759  0.03032641  0.6922496   0.15179008  0.00928441
  0.84541798  0.24999998  0.00774154  0.65625513  0.07857735  0.17367792
  0.19437957  0.45219943]
[6.36960137e-03 9.23298618e-03 4.27290466e-03 1.35652620e-01
 2.39298377e-02 9.12796541e-02 3.38067548e-02 1.32301555e-04
 1.88497350e-02 8.37898855e-04 7.07682984e-03 8.41229460e-03
 4.22501892e-03 6.09725544e-10 8.51912777e-03 4.27410606e-04
 1.29649082e-01 2.56746656e-01 1.40773562e-01 4.34565126e-01]
10.0
163894
1.1920928955078125e-07
