[ 1.99650205e-01 -7.63399974e-04  7.36776641e-01  4.59124611e-01
  9.17359915e-03 -3.04390186e-01  4.15091810e-02  2.11884859e-01
 -2.45151571e-03  7.17599744e-01  1.94706041e-01  1.99441195e-03
  7.59959865e-01  2.50000017e-01 -1.17434024e-03  6.56488107e-01
  4.62962202e-02  2.61129933e-01  1.45400279e-01  7.87503697e-01]
[3.05574045e-03 1.00029110e-02 3.94241450e-03 3.54473800e-01
 1.68229128e-02 3.04759075e-01 1.86882505e-02 3.42742710e-03
 1.37169863e-02 4.46412372e-03 3.50359734e-03 9.64693240e-03
 4.09880074e-03 9.19530550e-10 1.09974876e-02 4.27747446e-04
 7.33380309e-02 1.15598250e-01 5.67667487e-02 2.41442382e-01]
10.0
2950520
1.1920928955078125e-07
