[ 0.19103908 -0.00440477  0.75191167  0.54708634 -0.00330016 -0.3686985
  0.02401926  0.22908822 -0.00282118  0.70085181  0.18495639 -0.00149913
  0.77604133  0.25000001 -0.00657272  0.65585195  0.03393765  0.24676463
  0.14184791  0.73231306]
[4.12037230e-03 1.05251632e-02 4.67094858e-03 2.84970648e-01
 2.00315391e-02 2.39588825e-01 1.95791316e-02 2.35354690e-03
 1.63626921e-02 2.30096501e-03 4.65750197e-03 1.00065562e-02
 4.72264519e-03 9.84431238e-10 1.04917782e-02 4.01184088e-04
 9.24621255e-02 1.46881413e-01 6.53989018e-02 2.91576985e-01]
10.0
655607
1.1920928955078125e-07
