[ 1.95806012e-01 -2.10035766e-03  7.41561798e-01  4.75585234e-01
  5.36600776e-03 -3.12617920e-01  2.88993977e-02  2.17374543e-01
 -4.16421031e-03  7.11717333e-01  1.90582558e-01  3.20398263e-04
  7.65084574e-01  2.50000026e-01 -4.07004153e-03  6.55925143e-01
  2.74160996e-02  2.62091608e-01  1.25855710e-01  7.70324532e-01]
[3.39745625e-03 9.97590963e-03 4.17109684e-03 3.47019489e-01
 1.76320248e-02 2.94882058e-01 1.56911800e-02 3.16495053e-03
 1.44954722e-02 3.80540471e-03 3.87532188e-03 9.56584972e-03
 4.29013091e-03 8.02727023e-10 1.04616539e-02 4.05519224e-04
 7.36062429e-02 1.23709112e-01 5.24540609e-02 2.60849116e-01]
10.0
1311281
1.1920928955078125e-07
