[ 1.98189096e-01  1.04264845e-03  7.38458334e-01  4.77364013e-01
  6.75962180e-03 -3.21737736e-01  2.91009146e-02  2.16085878e-01
 -5.47256463e-04  7.13872802e-01  1.93223806e-01  3.30894060e-03
  7.62097213e-01  2.50000000e-01 -2.58574586e-03  6.56442947e-01
  3.07246784e-02  2.68763342e-01  1.16789680e-01  7.84117296e-01]
[3.24474222e-03 9.93427376e-03 3.99535820e-03 3.42398897e-01
 1.68343929e-02 2.94230623e-01 1.42519598e-02 3.18289884e-03
 1.41289996e-02 4.03816750e-03 3.71396149e-03 9.54205935e-03
 4.10868359e-03 8.08343009e-10 1.07446040e-02 4.16271185e-04
 6.98205001e-02 1.16284603e-01 4.70389341e-02 2.48739759e-01]
10.0
1803045
1.1920928955078125e-07
