>>> 0

Parameter containing:
tensor([0., 0., 0., 0., 0., 0., 0., 0., 0., 0., 0., 0., 0., 0., 0., 0., 0., 0., 0., 0., 0., 0., 0., 0.,
        0., 0., 0., 0., 0., 0., 0., 0., 0., 0., 0., 0., 0., 0., 0., 0., 0., 0., 0., 0., 0., 0., 0., 0.,
        0., 0., 0., 0., 0., 0., 0., 0., 0., 0., 0., 0., 0., 0., 0., 0., 0., 0., 0., 0., 0., 0., 0., 0.,
        0., 0.], device='cuda:0', requires_grad=True)
>>> 10

Parameter containing:
tensor([-0.3017, -0.2794, -0.4006, -0.0975, -0.2262, -0.2980, -0.1361, -0.3038,
        -0.2870, -0.2574, -0.5231, -0.3017, -0.3366, -0.1532, -0.1296, -0.2779,
        -0.2834, -0.4468, -0.3392, -0.0975, -0.3450, -0.1466, -0.2240, -0.1217,
        -0.4763, -0.2245, -0.1049, -0.2338, -0.3135, -0.3922, -0.3432, -0.3183,
         0.0000, -0.1430, -0.2429, -0.2951, -0.3391, -0.1567, -0.3017,  0.0000,
        -0.2724, -0.2400, -0.2007, -0.5115, -0.2346, -0.2262, -0.1660, -0.3877,
        -0.2583, -0.2262, -0.1916, -0.4430, -0.5011, -0.4114, -0.3366, -0.3136,
        -0.1646, -0.3649, -0.2639, -0.2789, -0.4619, -0.3211, -0.3789, -0.2900,
        -0.2267, -0.0790, -0.2311, -0.4818, -0.1975, -0.2600, -0.2716, -0.3870,
        -0.1855,  0.0000], device='cuda:0', requires_grad=True)
>>> 20

Parameter containing:
tensor([-0.4446, -0.4268, -0.5165, -0.2751, -0.4112, -0.5476, -0.4594, -0.4432,
        -0.5186, -0.4187, -0.5581, -0.4312, -0.3730, -0.4539, -0.2759, -0.3804,
        -0.7667, -0.5297, -0.5567, -0.4686, -0.5295, -0.6111, -0.3162, -0.5650,
        -0.5019, -0.3752, -0.1980, -0.4110, -0.3932, -0.5646, -0.6068, -0.5241,
        -0.2753, -0.3020, -0.3693, -0.5293, -0.7601, -0.3344, -0.3846,  0.0000,
        -0.3863, -0.2780, -0.4443, -0.5716, -0.3241, -0.3820, -0.4858, -0.4977,
        -0.7145, -0.3147, -0.2419, -0.4499, -0.5562, -0.4428, -0.4624, -0.5209,
        -0.2196, -0.4131, -0.5106, -0.4473, -0.5746, -0.4423, -0.5175, -0.3678,
        -0.3670, -0.3165, -0.2696, -0.5384, -0.2042, -0.3662, -0.6924, -0.5703,
        -0.3212,  0.0000], device='cuda:0', requires_grad=True)
>>> 30

Parameter containing:
tensor([-0.6895, -0.5894, -0.6574, -0.5316, -0.4951, -0.6098, -0.7467, -0.5448,
        -0.7038, -0.6663, -0.5035, -0.5409, -0.6723, -0.5344, -0.4677, -0.4264,
        -0.7662, -0.7232, -0.5567, -0.5432, -0.6091, -0.6701, -0.5687, -0.6141,
        -0.5638, -0.3752, -0.3023, -0.5080, -0.4828, -0.6693, -0.6979, -0.6560,
        -0.3787, -0.5630, -0.5314, -0.6059, -0.7625, -0.6367, -0.5075,  0.0000,
        -0.5459, -0.4428, -0.7246, -0.6283, -0.3579, -0.4701, -0.7140, -0.7229,
        -0.7422, -0.6834, -0.6581, -0.5572, -0.7138, -0.6372, -0.5177, -0.6373,
        -0.4405, -0.6135, -0.6007, -0.5356, -0.5867, -0.5328, -0.5863, -0.4963,
        -0.4684, -0.4685, -0.6140, -0.6421, -0.3915, -0.4086, -0.7053, -0.7016,
        -0.4377,  0.0000], device='cuda:0', requires_grad=True)
>>> 40

Parameter containing:
tensor([-0.7296, -0.6397, -0.8300, -0.8391, -0.5623, -0.6967, -0.8074, -0.6785,
        -0.8744, -0.7617, -0.6094, -0.6151, -0.7729, -0.6578, -0.6682, -0.5082,
        -0.8304, -0.7945, -0.6992, -0.6523, -0.6864, -0.8829, -0.7292, -0.7986,
        -0.5980, -0.5407, -0.4602, -0.6046, -0.6476, -0.7567, -0.7872, -0.8970,
        -0.4850, -0.7138, -0.7970, -0.6790, -0.8297, -0.8038, -0.8986,  0.0000,
        -0.6662, -0.6489, -0.8406, -0.7308, -0.4569, -0.6149, -0.8626, -0.8288,
        -0.7926, -0.7707, -0.8530, -0.7586, -0.8019, -0.7702, -0.6193, -0.7633,
        -0.6081, -0.8262, -0.6756, -0.6217, -0.7043, -0.7808, -0.7314, -0.5762,
        -0.5670, -0.5542, -0.7880, -0.8255, -0.6413, -0.5870, -0.7868, -0.8266,
        -0.5962,  0.0000], device='cuda:0', requires_grad=True)
