>>> 0

NLStack

NLAndBiMixed

Parameter containing:
tensor([0., 0., 0., 0., 0., 0., 0., 0., 0., 0., 0., 0., 0., 0., 0., 0., 0., 0., 0., 0., 0.],
       device='cuda:0', requires_grad=True)

NLAndBiMixed

Parameter containing:
tensor([0., 0., 0., 0., 0., 0., 0., 0., 0., 0., 0., 0., 0., 0., 0., 0., 0., 0., 0., 0., 0.],
       device='cuda:0', requires_grad=True)

NLAndBiMixed

Parameter containing:
tensor([0., 0., 0., 0., 0., 0., 0., 0., 0., 0., 0., 0., 0., 0., 0., 0., 0., 0., 0., 0., 0.],
       device='cuda:0', requires_grad=True)

NLAndBiMixed

Parameter containing:
tensor([0., 0., 0., 0., 0., 0., 0., 0., 0., 0., 0., 0., 0., 0., 0., 0., 0., 0., 0., 0., 0.],
       device='cuda:0', requires_grad=True)

NLAndBiMixed

Parameter containing:
tensor([0., 0., 0., 0., 0., 0., 0., 0., 0., 0., 0., 0., 0., 0., 0., 0., 0., 0., 0., 0., 0.],
       device='cuda:0', requires_grad=True)

NLAndBiMixed

Parameter containing:
tensor([0., 0., 0., 0., 0., 0., 0., 0., 0., 0., 0., 0., 0., 0., 0., 0., 0., 0., 0., 0., 0.],
       device='cuda:0', requires_grad=True)

NLAndBiMixed

Parameter containing:
tensor([0., 0., 0., 0., 0., 0., 0., 0., 0., 0., 0., 0., 0., 0., 0., 0., 0., 0., 0., 0., 0.],
       device='cuda:0', requires_grad=True)

NLAndBiMixed

Parameter containing:
tensor([0., 0., 0., 0., 0., 0., 0., 0., 0., 0., 0., 0., 0., 0., 0., 0., 0., 0., 0., 0., 0.],
       device='cuda:0', requires_grad=True)

NLAndBiMixed

Parameter containing:
tensor([0., 0., 0., 0., 0., 0., 0., 0., 0., 0., 0., 0., 0., 0., 0., 0., 0., 0., 0., 0., 0.],
       device='cuda:0', requires_grad=True)

NLAndBiMixed

Parameter containing:
tensor([0., 0., 0., 0., 0., 0., 0., 0., 0., 0., 0., 0., 0., 0., 0., 0., 0., 0., 0., 0., 0.],
       device='cuda:0', requires_grad=True)

NLAndBiMixed

Parameter containing:
tensor([0., 0., 0., 0., 0., 0., 0., 0., 0., 0., 0., 0., 0., 0., 0., 0., 0., 0., 0., 0., 0.],
       device='cuda:0', requires_grad=True)

NLAndBiMixed

Parameter containing:
tensor([0., 0., 0., 0., 0., 0., 0., 0., 0., 0., 0., 0., 0., 0., 0., 0., 0., 0., 0., 0., 0.],
       device='cuda:0', requires_grad=True)

NLAndBiMixed

Parameter containing:
tensor([0., 0., 0., 0., 0., 0., 0., 0., 0., 0., 0., 0., 0., 0., 0., 0., 0., 0., 0., 0., 0.],
       device='cuda:0', requires_grad=True)

NLAndBiMixed

Parameter containing:
tensor([0., 0., 0., 0., 0., 0., 0., 0., 0., 0., 0., 0., 0., 0., 0., 0., 0., 0., 0., 0., 0.],
       device='cuda:0', requires_grad=True)

NLAndBiMixed

Parameter containing:
tensor([0., 0., 0., 0., 0., 0., 0., 0., 0., 0., 0., 0., 0., 0., 0., 0., 0., 0., 0., 0., 0.],
       device='cuda:0', requires_grad=True)

NLAndBiMixed

Parameter containing:
tensor([0., 0., 0., 0., 0., 0., 0., 0., 0., 0., 0., 0., 0., 0., 0., 0., 0., 0., 0., 0., 0.],
       device='cuda:0', requires_grad=True)

>>> 10

NLStack

NLAndBiMixed

Parameter containing:
tensor([ 0.1593, -0.1774, -0.0043, -0.1969,  0.4281, -0.2201, -0.0984, -0.1172,
        -0.0686, -0.0641,  0.1458,  0.0865, -0.1088,  0.1271, -0.0839, -0.0217,
         0.0330,  0.0101,  0.1044,  0.2322, -0.1000], device='cuda:0',
       requires_grad=True)

NLAndBiMixed

Parameter containing:
tensor([-0.2064, -0.1287, -0.0080,  0.2494, -0.1282,  0.0973,  0.3823, -0.0094,
        -0.1773,  0.2586,  0.1397,  0.0556,  0.2772, -0.1067,  0.0496, -0.2287,
        -0.1360, -0.0704, -0.1540, -0.0565, -0.1000], device='cuda:0',
       requires_grad=True)

NLAndBiMixed

Parameter containing:
tensor([-0.1321, -0.1026,  0.4017, -0.2616, -0.1531, -0.1870, -0.0083,  0.3656,
        -0.2504, -0.1876,  0.1466,  0.2712,  0.1070,  0.3412, -0.1430,  0.0870,
         0.1881, -0.0675, -0.2366,  0.1037, -0.1000], device='cuda:0',
       requires_grad=True)

NLAndBiMixed

Parameter containing:
tensor([ 0.2857, -0.3359, -0.0802, -0.0320,  0.3218, -0.2612, -0.0247, -0.1782,
         0.0159, -0.0153, -0.0018, -0.0387, -0.2199, -0.2825, -0.0011,  0.1107,
         0.1168,  0.0543, -0.1276,  0.0789, -0.1000], device='cuda:0',
       requires_grad=True)

NLAndBiMixed

Parameter containing:
tensor([-0.1981,  0.0316,  0.1033,  0.0449,  0.2055, -0.1503, -0.0166, -0.0301,
         0.3961, -0.1644, -0.0705, -0.1425,  0.0337, -0.0912, -0.0311, -0.0168,
         0.2558, -0.0020, -0.0051,  0.0854, -0.1000], device='cuda:0',
       requires_grad=True)

NLAndBiMixed

Parameter containing:
tensor([-0.2292, -0.0178,  0.2253, -0.0971,  0.1873,  0.0375, -0.2369, -0.1478,
        -0.0781, -0.0399, -0.0927,  0.2784,  0.1827, -0.0134, -0.1560, -0.1575,
        -0.0108,  0.0215, -0.0755, -0.0068, -0.1000], device='cuda:0',
       requires_grad=True)

NLAndBiMixed

Parameter containing:
tensor([-0.1447,  0.2569,  0.2241, -0.3071,  0.0608,  0.2277,  0.1185, -0.0239,
        -0.1542,  0.3254,  0.2585, -0.0155, -0.2346, -0.1003,  0.3805,  0.1487,
        -0.2449, -0.2559, -0.3396,  0.2266, -0.1000], device='cuda:0',
       requires_grad=True)

NLAndBiMixed

Parameter containing:
tensor([-0.1309,  0.3151, -0.1095, -0.1042,  0.2891, -0.1728, -0.2580,  0.1673,
         0.0786,  0.2166, -0.0992, -0.1902,  0.0728, -0.1025, -0.0033, -0.0070,
         0.1409, -0.2958,  0.2397,  0.2402, -0.1000], device='cuda:0',
       requires_grad=True)

NLAndBiMixed

Parameter containing:
tensor([-0.1548,  0.1539, -0.1827, -0.1713,  0.2533, -0.1624,  0.2339, -0.0647,
         0.1673,  0.0047, -0.0750, -0.1949, -0.0504, -0.1279,  0.1716,  0.2038,
        -0.1475,  0.0956, -0.1218, -0.0200, -0.1000], device='cuda:0',
       requires_grad=True)

NLAndBiMixed

Parameter containing:
tensor([ 0.0953, -0.1088,  0.1649, -0.0021,  0.2025, -0.2189,  0.0527, -0.0791,
        -0.2088,  0.0984, -0.0686,  0.0790, -0.2291,  0.2386, -0.1121,  0.1252,
        -0.0411,  0.2842, -0.2241,  0.0847, -0.1000], device='cuda:0',
       requires_grad=True)

NLAndBiMixed

Parameter containing:
tensor([-0.2803,  0.3662,  0.2255, -0.1018,  0.0694, -0.0771,  0.2244, -0.1742,
         0.2549, -0.2534, -0.0830,  0.2897, -0.0380,  0.2024, -0.2351, -0.1663,
        -0.1733,  0.1011, -0.1960,  0.1139, -0.1000], device='cuda:0',
       requires_grad=True)

NLAndBiMixed

Parameter containing:
tensor([-0.1375,  0.0879, -0.0133,  0.1101, -0.1298, -0.0168,  0.1435,  0.1496,
         0.4398, -0.1549, -0.2731, -0.1442,  0.2037,  0.1326, -0.0435, -0.2327,
        -0.0016,  0.0631,  0.3127,  0.0984, -0.1000], device='cuda:0',
       requires_grad=True)

NLAndBiMixed

Parameter containing:
tensor([ 0.1277, -0.2134, -0.1373, -0.0427, -0.5838,  0.1960, -0.0531, -0.1018,
        -0.0876,  0.0361, -0.0925,  0.1372, -0.0455, -0.1712,  0.1164, -0.0445,
        -0.3489, -0.0293,  0.0339, -0.0426, -0.1000], device='cuda:0',
       requires_grad=True)

NLAndBiMixed

Parameter containing:
tensor([ 0.0055,  0.0017, -0.0251,  0.2319, -0.0647,  0.1464, -0.2581, -0.0909,
        -0.3519, -0.0185,  0.4102, -0.1496,  0.1989, -0.0437, -0.0849,  0.2651,
         0.3390, -0.3073,  0.1248,  0.1602, -0.1000], device='cuda:0',
       requires_grad=True)

NLAndBiMixed

Parameter containing:
tensor([ 0.0685,  0.0574, -0.0284, -0.1132, -0.1085, -0.1022,  0.0434, -0.0143,
         0.1751, -0.0139, -0.2798, -0.0563, -0.1800, -0.0356,  0.0716,  0.0138,
        -0.0796, -0.0201, -0.3723,  0.1018, -0.1000], device='cuda:0',
       requires_grad=True)

NLAndBiMixed

Parameter containing:
tensor([-0.2403, -0.1423, -0.0164,  0.1894, -0.0459, -0.0271,  0.1947, -0.0721,
        -0.2141, -0.0704,  0.1676,  0.1789,  0.4053, -0.1719, -0.1203, -0.1590,
         0.0819, -0.0918,  0.1142, -0.2867, -0.0243], device='cuda:0',
       requires_grad=True)

>>> 20

NLStack

NLAndBiMixed

Parameter containing:
tensor([-0.0385, -0.2345,  0.0832, -0.0495,  0.2801, -0.2289,  0.1665, -0.1037,
         0.0211,  0.0250, -0.0160, -0.0113,  0.1332, -0.0292, -0.0934, -0.1405,
         0.1020,  0.0908, -0.0006,  0.2835, -0.1000], device='cuda:0',
       requires_grad=True)

NLAndBiMixed

Parameter containing:
tensor([ 0.1875, -0.1158, -0.0304, -0.1237,  0.0023,  0.2779,  0.0841, -0.1397,
         0.1571, -0.1296,  0.3316,  0.1397, -0.1126,  0.1383,  0.2071,  0.0377,
        -0.0012,  0.1756, -0.1846,  0.2049, -0.1000], device='cuda:0',
       requires_grad=True)

NLAndBiMixed

Parameter containing:
tensor([-0.1899,  0.0951,  0.4007, -0.0387, -0.2640, -0.0323,  0.1166,  0.3547,
         0.0013, -0.1535, -0.0910,  0.0915,  0.0737,  0.2497,  0.0822, -0.2195,
         0.0753,  0.0170, -0.1612, -0.0012, -0.1000], device='cuda:0',
       requires_grad=True)

NLAndBiMixed

Parameter containing:
tensor([ 0.1747, -0.0464, -0.0802, -0.0579,  0.4236, -0.0328, -0.0155, -0.2912,
        -0.3938,  0.0994, -0.1246,  0.0285, -0.3814,  0.0348, -0.0344,  0.0667,
        -0.1025,  0.0533, -0.0347,  0.0347, -0.1000], device='cuda:0',
       requires_grad=True)

NLAndBiMixed

Parameter containing:
tensor([-0.3277,  0.3179,  0.2838, -0.1221,  0.6274, -0.1791, -0.3032, -0.1254,
         0.2728, -0.0757, -0.0340,  0.0994, -0.2432, -0.0138, -0.1178, -0.2038,
         0.0145, -0.2585, -0.1347,  0.1718, -0.1000], device='cuda:0',
       requires_grad=True)

NLAndBiMixed

Parameter containing:
tensor([-0.2429, -0.2639,  0.2502,  0.3626,  0.4923, -0.1856, -0.3299, -0.1143,
        -0.0919,  0.0961, -0.0462,  0.1390,  0.3418, -0.0036,  0.1418, -0.2726,
         0.0077,  0.2093,  0.2147, -0.1427, -0.1000], device='cuda:0',
       requires_grad=True)

NLAndBiMixed

Parameter containing:
tensor([ 0.1421, -0.0532, -0.1613, -0.2444, -0.1693, -0.0180,  0.0566,  0.1048,
         0.4882, -0.2972, -0.0023, -0.2510, -0.2128, -0.0648, -0.0537,  0.0134,
         0.0510, -0.1012, -0.1234,  0.0169, -0.1000], device='cuda:0',
       requires_grad=True)

NLAndBiMixed

Parameter containing:
tensor([-0.2283,  0.1943,  0.3512, -0.1511,  0.1910,  0.1944, -0.2563,  0.2356,
         0.2065, -0.1498, -0.1440, -0.2699,  0.1399,  0.2427, -0.2686,  0.0103,
        -0.0908, -0.1064, -0.1546,  0.1419, -0.1000], device='cuda:0',
       requires_grad=True)

NLAndBiMixed

Parameter containing:
tensor([ 0.1311, -0.0862, -0.0079,  0.1618,  0.1116,  0.0015, -0.0099, -0.0057,
         0.1882,  0.1001, -0.0389, -0.0573,  0.2170, -0.0386,  0.1244,  0.3778,
         0.1267,  0.0074,  0.0101, -0.2668, -0.1000], device='cuda:0',
       requires_grad=True)

NLAndBiMixed

Parameter containing:
tensor([ 4.0318e-01, -1.9408e-01, -2.9362e-01, -1.1847e-01, -2.3161e-01,
        -1.7767e-01,  4.5434e-02,  1.1291e-01,  1.9798e-04,  1.0784e-01,
        -2.3825e-01, -1.4471e-01,  4.3726e-01, -3.1756e-01, -6.2653e-02,
        -2.4587e-01, -7.0131e-02,  5.2002e-01,  6.9852e-02, -2.3817e-02,
        -1.0000e-01], device='cuda:0', requires_grad=True)

NLAndBiMixed

Parameter containing:
tensor([ 0.0513,  0.1186,  0.0923, -0.0013, -0.0902,  0.1488, -0.0889, -0.1411,
         0.0033, -0.1788,  0.1302, -0.0113, -0.1616, -0.0458, -0.0212,  0.1323,
        -0.0478, -0.2091, -0.0198,  0.0019, -0.1000], device='cuda:0',
       requires_grad=True)

NLAndBiMixed

Parameter containing:
tensor([-0.2247,  0.1237,  0.0366, -0.0115,  0.1155, -0.0371,  0.3275, -0.1815,
         0.7715, -0.2925, -0.4025, -0.1635,  0.4070, -0.1011, -0.0065, -0.3365,
         0.3201, -0.0954,  0.2847,  0.2250, -0.1000], device='cuda:0',
       requires_grad=True)

NLAndBiMixed

Parameter containing:
tensor([ 0.0908, -0.2383, -0.0556, -0.1328, -0.5318,  0.1710, -0.0398, -0.2047,
        -0.0959,  0.0762, -0.0037, -0.1509, -0.2050, -0.1748,  0.0900,  0.0228,
        -0.6268, -0.1749, -0.1793,  0.1681, -0.1000], device='cuda:0',
       requires_grad=True)

NLAndBiMixed

Parameter containing:
tensor([-0.2873, -0.0499, -0.0014,  0.2359,  0.2088, -0.0482, -0.1683, -0.1407,
         0.1483, -0.0919, -0.0420, -0.1730,  0.0606, -0.0837,  0.0936, -0.0849,
         0.2169, -0.2228,  0.0777, -0.0909, -0.1000], device='cuda:0',
       requires_grad=True)

NLAndBiMixed

Parameter containing:
tensor([-0.1684,  0.2183, -0.1269,  0.1587, -0.1329, -0.1705,  0.1453, -0.0210,
         0.2089, -0.1918, -0.3886,  0.2667, -0.0960,  0.2698, -0.0011, -0.0911,
         0.1723,  0.1381, -0.5508, -0.1851, -0.1000], device='cuda:0',
       requires_grad=True)

NLAndBiMixed

Parameter containing:
tensor([-0.2756, -0.0266,  0.1362, -0.0771, -0.0738, -0.1338,  0.1004,  0.1469,
         0.0064,  0.1171, -0.0965,  0.1061,  0.3226, -0.0666, -0.3222, -0.1686,
         0.2014,  0.0391, -0.0056, -0.4882, -0.0243], device='cuda:0',
       requires_grad=True)

>>> 30

NLStack

NLAndBiMixed

Parameter containing:
tensor([-0.0491, -0.1495,  0.0899,  0.1596,  0.2323, -0.2541, -0.0114, -0.1047,
        -0.1384,  0.1725, -0.0887, -0.0306, -0.1829,  0.0690, -0.0115,  0.4242,
         0.1087,  0.1812, -0.2987, -0.0711, -0.1000], device='cuda:0',
       requires_grad=True)

NLAndBiMixed

Parameter containing:
tensor([ 2.9628e-01, -6.7412e-02, -8.9695e-02, -2.0882e-01, -1.6384e-01,
         1.5122e-01, -9.4202e-02, -5.5706e-03,  4.5484e-01, -4.6213e-01,
         2.8647e-04,  3.8964e-02, -1.1268e-01,  1.2672e-01, -6.2218e-03,
        -4.2568e-03, -2.7298e-02,  5.5616e-02,  7.2934e-02,  1.3727e-01,
        -1.0000e-01], device='cuda:0', requires_grad=True)

NLAndBiMixed

Parameter containing:
tensor([-0.2200,  0.0796,  0.4153, -0.0760,  0.2070, -0.0274, -0.0040, -0.1436,
        -0.1336,  0.3559,  0.2826, -0.0947, -0.3273, -0.0653, -0.0283,  0.2267,
         0.1879, -0.2132, -0.3460,  0.4144, -0.1000], device='cuda:0',
       requires_grad=True)

NLAndBiMixed

Parameter containing:
tensor([ 2.0308e-01, -1.6034e-01, -2.1384e-01,  2.4927e-01,  3.6918e-02,
        -4.8882e-03, -1.0270e-03, -7.5760e-02, -5.3568e-01,  1.7439e-01,
         1.7433e-01, -1.1869e-01, -1.5181e-01,  1.3855e-01, -7.1908e-02,
        -4.3856e-02, -1.7084e-01, -4.8494e-04,  1.0974e-02, -2.7774e-01,
        -1.0000e-01], device='cuda:0', requires_grad=True)

NLAndBiMixed

Parameter containing:
tensor([-0.4745,  0.2843,  0.4940, -0.1037,  0.5059,  0.0090, -0.2480, -0.1682,
         0.2105, -0.0540,  0.2645, -0.1843, -0.1082,  0.1328, -0.2245, -0.0531,
        -0.0941, -0.2144, -0.4051,  0.3634, -0.1000], device='cuda:0',
       requires_grad=True)

NLAndBiMixed

Parameter containing:
tensor([ 6.3686e-02, -1.3650e-03, -2.5195e-04, -1.0641e-01,  3.4109e-01,
        -1.1299e-01, -2.9810e-02,  3.5616e-01,  2.2508e-01, -3.0053e-02,
        -2.0719e-01, -8.7814e-02,  2.6908e-01,  2.1648e-01,  3.7958e-01,
        -1.8554e-01,  1.9798e-01, -3.6413e-01,  1.6530e-01, -2.1819e-01,
        -1.0000e-01], device='cuda:0', requires_grad=True)

NLAndBiMixed

Parameter containing:
tensor([ 0.5511, -0.3152, -0.3369, -0.1676,  0.1772, -0.1069,  0.2107, -0.0884,
         0.5401, -0.0720, -0.2121, -0.0326, -0.2242, -0.1330,  0.1489, -0.1482,
         0.0294,  0.1788,  0.0729,  0.0511, -0.1000], device='cuda:0',
       requires_grad=True)

NLAndBiMixed

Parameter containing:
tensor([-0.2427,  0.0713,  0.0784, -0.0101,  0.2322, -0.0032, -0.2876, -0.1005,
         0.1619,  0.0691, -0.2936, -0.0315,  0.0661, -0.0412, -0.2774,  0.0038,
         0.0228,  0.2934, -0.2464,  0.0445, -0.1000], device='cuda:0',
       requires_grad=True)

NLAndBiMixed

Parameter containing:
tensor([-0.3266, -0.0674, -0.0769,  0.3890,  0.3175,  0.2901, -0.0318, -0.1732,
         0.1801, -0.0299,  0.2154, -0.1389,  0.2758, -0.1351, -0.0220,  0.3486,
         0.1636,  0.2426, -0.2028, -0.0853, -0.1000], device='cuda:0',
       requires_grad=True)

NLAndBiMixed

Parameter containing:
tensor([ 0.3080, -0.0288, -0.0125, -0.0159,  0.1888, -0.1281, -0.0441, -0.0876,
        -0.2820, -0.0540,  0.1498, -0.0964,  0.4723, -0.4303, -0.0192, -0.1838,
        -0.0201, -0.1226, -0.0383,  0.1518, -0.1000], device='cuda:0',
       requires_grad=True)

NLAndBiMixed

Parameter containing:
tensor([-0.1204,  0.1937,  0.3650, -0.0038,  0.0852,  0.1501, -0.0212, -0.0609,
        -0.0649,  0.1234,  0.0933,  0.1005,  0.0575, -0.1235, -0.0285,  0.1827,
         0.0721, -0.0201, -0.2458,  0.0077, -0.1000], device='cuda:0',
       requires_grad=True)

NLAndBiMixed

Parameter containing:
tensor([-0.0805, -0.0429,  0.1158, -0.0943, -0.1833,  0.1114, -0.0204,  0.2227,
         0.5363, -0.1934, -0.0993, -0.0497,  0.2008,  0.0877,  0.1426, -0.1648,
         0.3754,  0.0900,  0.0752, -0.1882, -0.1000], device='cuda:0',
       requires_grad=True)

NLAndBiMixed

Parameter containing:
tensor([ 0.3688, -0.1241, -0.1454, -0.2919, -0.0806,  0.1031, -0.0360,  0.0146,
        -0.3097, -0.0036,  0.2720, -0.2275,  0.0033,  0.0945, -0.1513, -0.0244,
        -0.8568, -0.0857,  0.1246,  0.1359, -0.1000], device='cuda:0',
       requires_grad=True)

NLAndBiMixed

Parameter containing:
tensor([-0.3245, -0.0085, -0.0469, -0.0667,  0.3465, -0.1137, -0.1259, -0.1000,
        -0.1513,  0.0822, -0.0448,  0.0994, -0.1087, -0.3051,  0.0748, -0.0884,
         0.1013, -0.3480, -0.0493,  0.0068, -0.1000], device='cuda:0',
       requires_grad=True)

NLAndBiMixed

Parameter containing:
tensor([-0.2620,  0.1825,  0.0542,  0.0958, -0.4143,  0.2163,  0.2501, -0.2639,
         0.2676, -0.1371, -0.1655, -0.0120, -0.2070,  0.1173,  0.1408, -0.1557,
        -0.1645, -0.2665, -0.4654,  0.0041, -0.1000], device='cuda:0',
       requires_grad=True)

NLAndBiMixed

Parameter containing:
tensor([-0.1956, -0.2493, -0.0362,  0.2527, -0.0757,  0.0626, -0.0441, -0.0133,
        -0.0544, -0.0051,  0.0292, -0.0447,  0.0977,  0.0677, -0.0089, -0.2208,
        -0.0706,  0.0087,  0.2100, -0.6424, -0.0243], device='cuda:0',
       requires_grad=True)

>>> 40

NLStack

NLAndBiMixed

Parameter containing:
tensor([ 0.1096, -0.4056, -0.0684, -0.0377, -0.0690,  0.1540, -0.1041,  0.1372,
         0.1755, -0.1270,  0.1860, -0.0563, -0.0916,  0.2415, -0.1312,  0.3478,
         0.1187,  0.2535, -0.1118, -0.1796, -0.1000], device='cuda:0',
       requires_grad=True)

NLAndBiMixed

Parameter containing:
tensor([ 0.3111, -0.2871, -0.0795,  0.2402, -0.0731, -0.1703, -0.1833, -0.0348,
         0.7072, -0.3783, -0.0710, -0.2177, -0.1268,  0.1274, -0.1067, -0.1330,
        -0.1285,  0.1599,  0.2178,  0.0300, -0.1000], device='cuda:0',
       requires_grad=True)

NLAndBiMixed

Parameter containing:
tensor([ 0.2775,  0.1437,  0.2953, -0.1998,  0.1487, -0.0079, -0.2045,  0.1630,
         0.0047,  0.2104, -0.0729, -0.0453, -0.2516, -0.0373,  0.1296, -0.0830,
        -0.1514, -0.0225, -0.0113,  0.1417, -0.1000], device='cuda:0',
       requires_grad=True)

NLAndBiMixed

Parameter containing:
tensor([ 0.1446, -0.0961, -0.2614,  0.1911,  0.2218,  0.1575, -0.3123, -0.0237,
        -0.1986,  0.1207, -0.0077, -0.1704, -0.2564, -0.0790,  0.2668, -0.1014,
        -0.1520, -0.2235,  0.1378,  0.0890, -0.1000], device='cuda:0',
       requires_grad=True)

NLAndBiMixed

Parameter containing:
tensor([-0.2943, -0.0080,  0.4986, -0.0216, -0.0107, -0.0915, -0.0669,  0.1690,
         0.3213, -0.1032, -0.0086, -0.1862,  0.0736, -0.0244, -0.1227, -0.0648,
         0.0688,  0.1819, -0.3836,  0.2859, -0.1000], device='cuda:0',
       requires_grad=True)

NLAndBiMixed

Parameter containing:
tensor([ 9.9990e-02, -1.5542e-03, -1.6811e-01, -2.2902e-01, -3.9341e-02,
        -1.5558e-01,  2.0478e-01, -2.7787e-02, -3.1011e-01,  2.9996e-01,
        -2.9806e-01,  5.3187e-02, -5.7595e-02,  3.0975e-02,  2.1360e-01,
        -2.0161e-01, -2.3813e-01, -2.0514e-01, -1.1660e-04,  6.0993e-02,
        -1.0000e-01], device='cuda:0', requires_grad=True)

NLAndBiMixed

Parameter containing:
tensor([ 0.3892, -0.0744, -0.2780, -0.1621, -0.0827, -0.0080,  0.0544, -0.0114,
         0.4345, -0.1326, -0.0950, -0.0937, -0.5240, -0.1766,  0.0381,  0.2734,
         0.1539, -0.0361, -0.2798,  0.1271, -0.1000], device='cuda:0',
       requires_grad=True)

NLAndBiMixed

Parameter containing:
tensor([-0.6982,  0.2064, -0.0130, -0.0370,  0.2400, -0.2816,  0.1061, -0.0632,
         0.3478, -0.1084, -0.1579, -0.0500, -0.2320,  0.0274,  0.1787,  0.1030,
         0.2216, -0.0948, -0.2089,  0.0495, -0.1000], device='cuda:0',
       requires_grad=True)

NLAndBiMixed

Parameter containing:
tensor([ 6.7122e-02,  3.9758e-01, -6.5654e-02, -1.6315e-01, -1.6928e-02,
        -1.8717e-03, -5.6026e-02, -8.9392e-05,  2.6997e-01, -4.4077e-02,
        -8.1201e-02, -1.0063e-01,  3.2041e-01, -1.5650e-01, -1.4027e-01,
         1.6556e-01,  4.8918e-03,  1.0689e-01, -8.1974e-02,  3.1306e-01,
        -1.0000e-01], device='cuda:0', requires_grad=True)

NLAndBiMixed

Parameter containing:
tensor([ 0.4967, -0.0921, -0.2529, -0.0607,  0.1990, -0.1346, -0.0543, -0.0717,
        -0.5240,  0.1023, -0.0561, -0.1453,  0.4660, -0.3795, -0.0068, -0.3937,
         0.1809,  0.0708,  0.2876,  0.2125, -0.1000], device='cuda:0',
       requires_grad=True)

NLAndBiMixed

Parameter containing:
tensor([-0.1192,  0.3481, -0.0016,  0.1691,  0.1651, -0.1934,  0.0102, -0.0608,
        -0.0829,  0.0576, -0.0460,  0.1656, -0.0303, -0.1205, -0.0337,  0.1761,
         0.0257, -0.1164,  0.0759, -0.1730, -0.1000], device='cuda:0',
       requires_grad=True)

NLAndBiMixed

Parameter containing:
tensor([-0.0575,  0.1803, -0.0691, -0.0836, -0.0519, -0.0508,  0.1353, -0.0575,
         0.1941, -0.0427, -0.0602,  0.0900,  0.1214,  0.1699, -0.4117, -0.0092,
         0.0815,  0.1551, -0.1204,  0.1059, -0.1000], device='cuda:0',
       requires_grad=True)

NLAndBiMixed

Parameter containing:
tensor([ 0.4015, -0.1551,  0.1327, -0.2000,  0.0186,  0.2563, -0.0908, -0.0299,
        -0.2853,  0.0056,  0.0612, -0.0417, -0.0362, -0.0867,  0.1504,  0.0292,
        -0.9588, -0.1014, -0.0383,  0.2164, -0.1000], device='cuda:0',
       requires_grad=True)

NLAndBiMixed

Parameter containing:
tensor([-0.3414, -0.0486, -0.1593,  0.0929,  0.5898, -0.0631, -0.1785, -0.2518,
        -0.2359, -0.0903,  0.0516, -0.0158, -0.0552,  0.0203, -0.1442, -0.1591,
         0.0594, -0.7001,  0.0769, -0.1114, -0.1000], device='cuda:0',
       requires_grad=True)

NLAndBiMixed

Parameter containing:
tensor([-0.1670,  0.2794, -0.0384, -0.1461,  0.1442, -0.0337, -0.1498, -0.0642,
         0.0917, -0.0087, -0.0172,  0.0823,  0.0775, -0.0019, -0.1467, -0.1130,
        -0.1368, -0.2014, -0.0080, -0.0525, -0.1000], device='cuda:0',
       requires_grad=True)

NLAndBiMixed

Parameter containing:
tensor([-0.4008, -0.3742, -0.0569,  0.6590,  0.2388,  0.1413, -0.0257, -0.2927,
        -0.2606,  0.1640,  0.2364, -0.0411,  0.0092, -0.0046, -0.0436,  0.0996,
         0.2643,  0.1698, -0.1302, -0.5307, -0.0243], device='cuda:0',
       requires_grad=True)

