[ 0.20699841  0.00144769  0.73032268  0.36496694  0.0145071  -0.22508123
  0.03994127  0.2322023   0.00540339  0.7106952   0.25000001  0.00208724
  0.65889985  0.0370163   0.32013137  0.15875496  0.88838388  0.16633723]
[3.27381953e-03 1.17006058e-02 3.82180966e-03 4.04508535e-01
 2.02574566e-02 3.67503600e-01 2.20622198e-02 1.98236322e-03
 1.56990035e-02 4.01861757e-03 1.18661823e-09 1.29812655e-02
 5.22854488e-04 6.61000394e-02 1.30144049e-01 9.47212390e-02
 2.81354088e-01 1.38669154e-01]
10.0
2294802
1.1920928955078125e-07
