[ 2.04411372e-01 -7.90905374e-04  7.27661686e-01  3.45475846e-01
  1.60275016e-02 -2.09520942e-01  2.70503078e-02  2.34317675e-01
  2.99036726e-03  7.08114546e-01  2.50000011e-01  2.33503242e-04
  6.59178099e-01  2.50657778e-02  3.13599489e-01  1.44780420e-01
  8.92211648e-01  1.51531867e-01]
[3.42170416e-03 1.17108888e-02 3.74426363e-03 4.14927657e-01
 1.99059690e-02 3.79841915e-01 2.10832726e-02 1.78114115e-03
 1.59905916e-02 3.66497278e-03 9.12609418e-10 1.29284987e-02
 5.26081656e-04 6.74773480e-02 1.40599014e-01 8.83983454e-02
 2.88541439e-01 1.28569960e-01]
10.0
1966946
1.1920928955078125e-07
