[ 2.00940098e-01 -4.83219565e-03  7.25211827e-01  3.23715043e-01
  1.72561855e-02 -1.90354150e-01  1.49173222e-02  2.36164436e-01
 -5.40389208e-04  7.05683899e-01  2.50000017e-01 -2.02622429e-03
  6.59184647e-01  9.42019600e-03  3.01800679e-01  1.37511285e-01
  8.91497065e-01  1.29874377e-01]
[3.65907555e-03 1.12153800e-02 3.75228125e-03 4.25318300e-01
 1.96149484e-02 3.93141629e-01 2.03786881e-02 1.59824804e-03
 1.59963428e-02 3.35681851e-03 1.08430068e-09 1.27270311e-02
 5.30142773e-04 6.61319607e-02 1.53729643e-01 8.77228764e-02
 3.01561388e-01 1.13007023e-01]
10.0
1639107
1.1920928955078125e-07
