[ 0.20913863  0.00270415  0.73454719  0.38268258  0.01455207 -0.23540945
  0.04543     0.22900379  0.00618564  0.71497396  0.25        0.00196074
  0.65923894  0.04634842  0.32715716  0.16008157  0.87775478  0.18401357]
[3.07202613e-03 1.16878089e-02 3.95396187e-03 4.00600802e-01
 2.01964322e-02 3.55212919e-01 1.98506307e-02 2.27007022e-03
 1.53830173e-02 4.50598207e-03 1.26680542e-09 1.33286907e-02
 5.18324178e-04 6.34877582e-02 1.17086339e-01 8.67939901e-02
 2.72059198e-01 1.50152576e-01]
10.0
2950565
1.1920928955078125e-07
