[ 0.19645216 -0.00851368  0.72065398  0.29832961  0.01534703 -0.17388192
  0.01278764  0.23912749 -0.00364466  0.70211704  0.25000001 -0.00564592
  0.65936548  0.00090056  0.27498079  0.15749058  0.88483083  0.11316249]
[3.94477418e-03 1.06669143e-02 3.61969224e-03 4.29807879e-01
 2.05517279e-02 4.06613192e-01 2.33926668e-02 1.29030229e-03
 1.57253138e-02 2.83564396e-03 9.71715041e-10 1.23084042e-02
 5.44960012e-04 6.41600117e-02 1.65681928e-01 1.05125799e-01
 3.11700650e-01 1.00356744e-01]
10.0
1311256
1.1920928955078125e-07
