[ 0.20990414  0.00299371  0.736404    0.39501182  0.01516564 -0.24397593
  0.04553421  0.22786601  0.00631431  0.71662261  0.25        0.00178836
  0.65948464  0.05569956  0.32179711  0.16798889  0.86671564  0.18533659]
[2.99657599e-03 1.15754682e-02 3.99093447e-03 3.94543527e-01
 2.06354584e-02 3.46910898e-01 2.00481652e-02 2.36746917e-03
 1.51434770e-02 4.67094020e-03 1.18943271e-09 1.32536887e-02
 5.22107075e-04 6.22863519e-02 1.09294069e-01 8.90072327e-02
 2.63395560e-01 1.50986938e-01]
10.0
3278446
1.1920928955078125e-07
