[ 0.18927031 -0.01656354  0.71407273  0.27487343  0.01422989 -0.16183234
  0.01074464  0.24494884 -0.00881612  0.69461491  0.25000002 -0.01160002
  0.65984018 -0.02494794  0.23760259  0.18494304  0.87933876  0.07991243]
[4.39446142e-03 9.40268362e-03 3.18504751e-03 4.25785981e-01
 2.14642688e-02 4.22630552e-01 2.80561508e-02 6.34641586e-04
 1.58264718e-02 1.73331380e-03 7.04684553e-10 1.13804568e-02
 5.51327270e-04 5.80574743e-02 1.87947401e-01 1.32189640e-01
 3.36055666e-01 7.35264315e-02]
10.0
983414
1.1920928955078125e-07
