[ 0.19338264 -0.01509627  0.71931245  0.29325014  0.01400754 -0.17097203
  0.01106301  0.24117365 -0.00813411  0.69969648  0.25000001 -0.01035275
  0.65998383 -0.01777161  0.26182337  0.17149176  0.88132269  0.0996057 ]
[4.17115037e-03 9.63936914e-03 3.61913720e-03 4.27530756e-01
 2.06859114e-02 4.11294417e-01 2.49432362e-02 1.06773852e-03
 1.54567337e-02 2.46756642e-03 6.90824949e-10 1.17375325e-02
 5.58178037e-04 5.74237372e-02 1.77258996e-01 1.16925501e-01
 3.23450793e-01 8.96844029e-02]
10.0
1147344
1.1920928955078125e-07
