[ 0.19879948 -0.00568011  0.72295518  0.3155007   0.01916565 -0.18600263
  0.01604301  0.23739185 -0.00094887  0.70419656  0.25000001 -0.00250154
  0.65926317  0.0079954   0.28692937  0.14666892  0.88546475  0.12378913]
[3.78568105e-03 1.10098926e-02 3.64045468e-03 4.25613365e-01
 1.99695361e-02 3.98035292e-01 2.16194352e-02 1.47272241e-03
 1.60236814e-02 3.14282847e-03 8.78413605e-10 1.26244975e-02
 5.36152841e-04 6.51397116e-02 1.57387802e-01 9.56380492e-02
 3.04555337e-01 1.08465381e-01]
10.0
1475178
1.1920928955078125e-07
