[ 0.20962015  0.00301425  0.73559403  0.39095083  0.01423529 -0.24165227
  0.04625062  0.22838036  0.00643583  0.71587473  0.25        0.00190494
  0.65932944  0.05043662  0.32505275  0.16277817  0.87180947  0.18421623]
[3.03335528e-03 1.15444976e-02 3.97313034e-03 3.96532290e-01
 2.01960783e-02 3.49845300e-01 1.98462023e-02 2.32372672e-03
 1.51927160e-02 4.59342813e-03 1.24916502e-09 1.32363311e-02
 5.16728752e-04 6.27243690e-02 1.13234711e-01 8.71299237e-02
 2.67272311e-01 1.50280610e-01]
10.0
3114503
1.1920928955078125e-07
