[ 2.06032265e-01 -8.79399511e-05  7.29174900e-01  3.52944459e-01
  1.59874957e-02 -2.14350162e-01  3.29600357e-02  2.33122796e-01
  3.79708338e-03  7.09452438e-01  2.50000019e-01  1.17058022e-03
  6.58800986e-01  2.99101716e-02  3.20242816e-01  1.49591486e-01
  8.93792300e-01  1.58767397e-01]
[3.35650937e-03 1.17172831e-02 3.79924428e-03 4.11719111e-01
 1.99396092e-02 3.75208019e-01 2.12755132e-02 1.89586251e-03
 1.58535039e-02 3.86375416e-03 9.52718735e-10 1.30151310e-02
 5.19413540e-04 6.68841516e-02 1.36391593e-01 9.01170715e-02
 2.87385684e-01 1.33560310e-01]
10.0
2130872
1.1920928955078125e-07
