[ 2.02548541e-01 -3.83964493e-03  7.26584294e-01  3.31755002e-01
  1.59673275e-02 -1.96544235e-01  2.19329453e-02  2.34897056e-01
  6.62476061e-04  7.07174403e-01  2.50000013e-01 -2.03999965e-03
  6.58981889e-01  1.50927184e-02  3.07347428e-01  1.43990121e-01
  8.91146434e-01  1.41188522e-01]
[3.52938215e-03 1.13166574e-02 3.76370201e-03 4.21951846e-01
 1.97534564e-02 3.87648844e-01 2.12188263e-02 1.72450063e-03
 1.59079922e-02 3.57217628e-03 9.91796696e-10 1.26025554e-02
 5.23129300e-04 6.56316892e-02 1.47298124e-01 9.04444504e-02
 2.96180911e-01 1.21254323e-01]
10.0
1803029
1.1920928955078125e-07
