[ 0.20760951  0.00159564  0.73306408  0.38033885  0.01334747 -0.23489968
  0.04413535  0.23005287  0.00549368  0.71369211  0.25        0.00167411
  0.659164    0.03997958  0.32169321  0.16089264  0.87763032  0.17101981]
[3.13943244e-03 1.15459265e-02 3.89949045e-03 3.99133073e-01
 2.01756545e-02 3.57715891e-01 2.10137991e-02 2.17805555e-03
 1.54119584e-02 4.34684494e-03 1.38416620e-09 1.31509522e-02
 5.20297095e-04 6.42614585e-02 1.22146689e-01 9.11876719e-02
 2.76800765e-01 1.41772035e-01]
10.0
2622702
1.1920928955078125e-07
