[ 0.15255451 -0.02753352  0.6982019   0.01210925 -0.01145662  0.12183497
  0.05246349  0.24991229 -0.00228504  0.69178569  0.25       -0.01646404
  0.65916832 -0.12917143  0.15305481  0.2319372   0.88104636  0.        ]
[7.48185261e-03 4.46545002e-03 4.56856012e-03 4.49166770e-01
 1.24541610e-02 4.81839776e-01 3.86652271e-02 2.19191215e-05
 1.62386432e-02 7.89936146e-04 4.30808947e-11 7.14508521e-03
 6.19248442e-04 2.90403168e-02 4.16990675e-01 1.67785563e-01
 7.15706261e-01 0.00000000e+00]
10.0
327795
1.1920928955078125e-07
