[ 0.18377218 -0.02140257  0.7125312   0.24030524  0.01430796 -0.12753031
  0.01028882  0.24717314 -0.01073103  0.69276711  0.25000003 -0.01444704
  0.66061407 -0.03539113  0.21365963  0.21070754  0.87149947  0.05731847]
[4.80510924e-03 9.03398304e-03 3.15612336e-03 4.33438657e-01
 2.28405335e-02 4.37260936e-01 3.21387070e-02 3.66454497e-04
 1.62904183e-02 1.29996574e-03 7.94627329e-10 1.13737692e-02
 5.61996152e-04 5.52128823e-02 2.12618194e-01 1.52255197e-01
 3.72075768e-01 5.40330608e-02]
10.0
819509
1.1920928955078125e-07
