[ 0.17636813 -0.02153519  0.70899116  0.18375628  0.01209688 -0.0757204
  0.01334995  0.24896945 -0.00629723  0.68996661  0.25000002 -0.01464646
  0.65973276 -0.0442733   0.17979061  0.23445415  0.85746376  0.02359086]
[5.39394535e-03 8.47802556e-03 3.27621738e-03 4.43670115e-01
 2.33563751e-02 4.55109965e-01 3.80390417e-02 1.42069981e-04
 1.67683443e-02 8.81463970e-04 7.17127159e-10 1.07195728e-02
 5.21516199e-04 5.49379515e-02 2.45701631e-01 1.72949488e-01
 4.17549779e-01 2.30343274e-02]
10.0
655593
1.1920928955078125e-07
