[ 0.20816626  0.00113155  0.7339223   0.38113404  0.01392809 -0.23446667
  0.04512183  0.22946178  0.00483441  0.71450437  0.25        0.00098049
  0.65935877  0.04119604  0.32416097  0.16123739  0.87720356  0.18004769]
[3.09431949e-03 1.15455436e-02 3.92411067e-03 4.00302133e-01
 2.01837009e-02 3.56714944e-01 2.03314772e-02 2.23028706e-03
 1.53827011e-02 4.43623120e-03 1.34112600e-09 1.32256192e-02
 5.23304825e-04 6.34229179e-02 1.20069185e-01 8.88796284e-02
 2.75342431e-01 1.47630520e-01]
10.0
2786645
1.1920928955078125e-07
