[ 0.20725386  0.00117113  0.731797    0.3720335   0.01336077 -0.229367
  0.04387249  0.2310267   0.00513591  0.71237563  0.25        0.0016315
  0.65904907  0.03964767  0.31947716  0.1650283   0.88157778  0.1690371 ]
[3.20310346e-03 1.16231932e-02 3.85380554e-03 4.01857381e-01
 2.04876874e-02 3.62589601e-01 2.19438784e-02 2.09065118e-03
 1.55399030e-02 4.20435629e-03 1.47300919e-09 1.30493893e-02
 5.24970638e-04 6.47308806e-02 1.25665236e-01 9.53290760e-02
 2.79123560e-01 1.40463559e-01]
10.0
2458762
1.1920928955078125e-07
