[ 0.16804919 -0.03869178  0.70562568  0.07494324 -0.00119855  0.03510835
  0.01882027  0.24991356 -0.01853043  0.68973132  0.25       -0.03051297
  0.65898448 -0.10735826  0.18197347  0.26283957  0.88497242  0.00591226]
[6.32633959e-03 5.72848972e-03 3.71795653e-03 4.55828712e-01
 2.20304483e-02 4.74783740e-01 4.01523755e-02 2.16016727e-05
 1.62880194e-02 6.90529683e-04 2.96452809e-11 8.28831184e-03
 5.12179535e-04 3.12873304e-02 3.04018798e-01 1.84004847e-01
 5.11122986e-01 5.87730695e-03]
10.0
491690
1.1920928955078125e-07
