[ 1.50139599e-01 -3.19738832e-02  7.05546421e-01  5.97458385e-02
 -3.67693991e-04  9.29369751e-02  6.09512417e-02  2.49906956e-01
 -2.24344285e-02  6.94512817e-01  2.49999985e-01 -1.91207223e-02
  6.60526775e-01 -1.35689540e-01  1.15659857e-01  2.55388132e-01
  8.09336893e-01  0.00000000e+00]
[6.52303983e-03 1.84941728e-03 5.28271586e-03 4.60842216e-01
 1.40691273e-02 4.69506671e-01 3.96599502e-02 2.32523357e-05
 1.45225347e-02 8.49316861e-04 2.67243832e-11 8.59107323e-03
 6.61503950e-04 1.32138236e-02 3.44851380e-01 1.73922277e-01
 6.68179974e-01 0.00000000e+00]
10.0
163901
1.1920928955078125e-07
