[ 1.86569012e-01  1.36383510e-02  6.90810998e-01 -2.29157877e-01
  6.52741562e-03  3.75638357e-01  3.49655407e-02  2.49821323e-01
  2.82402139e-04  6.91977030e-01  2.49999888e-01  1.04017716e-02
  6.47726686e-01  2.18542718e-02  3.61948295e-01  9.67457536e-02
  1.08411459e+00  2.76679776e-03]
[7.92468923e-03 9.95250751e-03 7.87581956e-03 3.96204668e-01
 1.62071000e-02 3.67916459e-01 2.47890692e-02 4.46374420e-05
 1.85909645e-02 9.47024829e-04 4.26122036e-09 1.18266652e-02
 2.47561729e-04 9.98792425e-02 3.67127054e-01 9.04186226e-02
 5.56587190e-01 2.75914259e-03]
10.0
1803529
1.1920928955078125e-07
