[ 0.16166432 -0.00195237  0.71593715 -0.1544647   0.00214996  0.34482636
  0.05399131  0.24984255  0.00634095  0.69186525  0.24999988  0.00659319
  0.64771909 -0.00251932  0.43924383  0.20655649  1.09077334  0.        ]
[1.43932573e-02 1.29717949e-02 1.52717732e-02 4.13635411e-01
 2.74002391e-02 3.76960746e-01 3.63193551e-02 3.93371540e-05
 1.87062153e-02 9.61286048e-04 3.13634300e-09 1.06503920e-02
 2.47347272e-04 1.21819699e-01 6.35181232e-01 1.71342638e-01
 7.69446896e-01 0.00000000e+00]
10.0
655773
1.1920928955078125e-07
