[ 1.83746924e-01  9.33577959e-03  6.95048759e-01 -2.31674299e-01
  4.97896994e-03  3.89383002e-01  4.05959652e-02  2.49810765e-01
  1.00992365e-03  6.91667062e-01  2.49999876e-01  7.54624707e-03
  6.48422514e-01  1.22656681e-02  3.87797983e-01  1.17481979e-01
  1.10764584e+00  1.76190318e-05]
[9.21057018e-03 1.05403929e-02 8.91097060e-03 3.89597074e-01
 1.77445752e-02 3.57683335e-01 2.80100908e-02 4.72729846e-05
 1.90549892e-02 9.81618874e-04 5.12449828e-09 1.19126929e-02
 2.66777307e-04 1.05690442e-01 4.20064756e-01 1.07936224e-01
 6.24425732e-01 1.76187214e-05]
10.0
1475677
1.1920928955078125e-07
