[ 0.18604457  0.01716051  0.69103491 -0.2234545   0.00401416  0.36074095
  0.03201079  0.24983027  0.00295947  0.69118034  0.24999991  0.01153323
  0.64757329  0.03627206  0.3492622   0.09672641  1.06332014  0.00293708]
[7.61632877e-03 1.04742021e-02 7.77346205e-03 4.00631544e-01
 1.82866857e-02 3.75407603e-01 2.45674153e-02 4.24028810e-05
 1.88437691e-02 9.06099572e-04 3.74294207e-09 1.21162291e-02
 2.38998241e-04 1.03273036e-01 3.50085285e-01 8.78482106e-02
 5.29496642e-01 2.92845571e-03]
10.0
2131367
1.1920928955078125e-07
