[ 0.18456503  0.01950926  0.69110096 -0.21506467  0.00538603  0.3540166
  0.03325205  0.24983368  0.00439487  0.69183657  0.24999991  0.01398299
  0.64773092  0.04495547  0.33855609  0.09528822  1.05073941  0.00272733]
[7.69960061e-03 1.02622460e-02 7.90408803e-03 4.04027004e-01
 1.89264566e-02 3.80073288e-01 2.42579758e-02 4.15521056e-05
 1.88288338e-02 9.18992847e-04 3.50009935e-09 1.22319456e-02
 2.43086797e-04 1.04326013e-01 3.55628598e-01 8.57572614e-02
 5.41685314e-01 2.71988946e-03]
10.0
2295287
1.1920928955078125e-07
