[ 1.82753579e-01  7.48382523e-03  6.97330211e-01 -2.29925786e-01
  4.18621450e-03  3.96701924e-01  4.04138700e-02  2.49804840e-01
 -4.87140398e-04  6.91561021e-01  2.49999857e-01  7.11591865e-03
  6.48494287e-01  6.42547985e-03  4.07941746e-01  1.22251130e-01
  1.12650214e+00  1.98209407e-05]
[9.91265718e-03 1.05796604e-02 9.69306435e-03 3.88015722e-01
 1.82326364e-02 3.54403527e-01 2.74590252e-02 4.87519204e-05
 1.91763375e-02 9.93691665e-04 5.75522263e-09 1.18747537e-02
 2.68736180e-04 1.04138917e-01 4.50427284e-01 1.11376464e-01
 6.66533554e-01 1.98205478e-05]
10.0
1311744
1.1920928955078125e-07
