[ 0.11237963  0.01378844  0.76586208  0.07728761 -0.01555336  0.09701839
  0.06609769  0.24988256  0.0053309   0.69068205  0.24999999  0.0270572
  0.64861436  0.10222231  0.34795497  0.39090081  0.76735377  0.        ]
[1.89073801e-02 2.27132292e-02 2.16038895e-02 4.68667126e-01
 4.91973464e-02 3.96502780e-01 6.56359935e-02 2.93455793e-05
 1.76674511e-02 7.87539683e-04 3.48825224e-10 1.06362978e-02
 2.86957495e-04 1.92125421e-01 9.53862018e-01 2.50402415e-01
 6.54808404e-01 0.00000000e+00]
10.0
327834
1.1920928955078125e-07
