[ 1.84976519e-01  9.84783923e-03  6.91885251e-01 -2.41101834e-01
  6.18571188e-03  3.95467095e-01  3.79566647e-02  2.49813219e-01
 -9.12147126e-04  6.91911227e-01  2.49999882e-01  6.35214620e-03
  6.48096461e-01  1.17825263e-02  3.74632641e-01  1.05760360e-01
  1.09879912e+00  7.28215293e-04]
[8.48748174e-03 1.00011770e-02 8.44454071e-03 3.86800384e-01
 1.67120348e-02 3.54371870e-01 2.61124220e-02 4.66602415e-05
 1.87678552e-02 9.71437779e-04 4.65676302e-09 1.18724056e-02
 2.59074906e-04 1.01703766e-01 3.90359936e-01 9.83815028e-02
 5.86821993e-01 7.27684996e-04]
10.0
1639625
1.1920928955078125e-07
