[ 1.71406855e-01  1.15872646e-04  7.07080146e-01 -1.96321821e-01
  4.70616272e-03  3.85156205e-01  4.92710931e-02  2.49831961e-01
  2.23887840e-03  6.92035600e-01  2.49999888e-01  3.06517623e-03
  6.47733521e-01 -5.27069604e-03  4.50200699e-01  1.69382712e-01
  1.14261627e+00  0.00000000e+00]
[1.28759381e-02 1.21012315e-02 1.32295084e-02 3.94058930e-01
 2.36124896e-02 3.60852561e-01 3.21386711e-02 4.19814708e-05
 1.91730760e-02 9.66127168e-04 2.73062216e-09 1.14466312e-02
 2.44708575e-04 1.16127765e-01 5.69271126e-01 1.46260746e-01
 7.59761527e-01 0.00000000e+00]
10.0
819751
1.1920928955078125e-07
