[ 1.78682539e-01  2.18988156e-03  6.98784228e-01 -2.23973820e-01
  5.83967794e-03  3.99023909e-01  4.63676122e-02  2.49812893e-01
 -3.61572006e-03  6.91233028e-01  2.49999822e-01  4.92710258e-03
  6.48379556e-01 -6.81921420e-03  4.15993812e-01  1.37654854e-01
  1.13170915e+00  2.26532339e-05]
[1.05939636e-02 1.05550228e-02 1.05945401e-02 3.86754309e-01
 1.93444234e-02 3.53350165e-01 2.89826926e-02 4.67417407e-05
 1.87048946e-02 9.87441599e-04 6.48220203e-09 1.18985122e-02
 2.68030537e-04 1.05672015e-01 4.80326974e-01 1.23653414e-01
 6.96685647e-01 2.26527207e-05]
10.0
1147739
1.1920928955078125e-07
