[ 0.17454681  0.00163949  0.70120111 -0.21519488  0.00756742  0.40053961
  0.05077725  0.24981957 -0.00192084  0.69201015  0.24999991  0.00265697
  0.64815653 -0.00477976  0.42598113  0.15251925  1.13559698  0.        ]
[1.14794242e-02 1.10524686e-02 1.17993151e-02 3.86795763e-01
 2.10328685e-02 3.51866200e-01 3.09287562e-02 4.50754494e-05
 1.92015933e-02 9.95547960e-04 2.29507736e-09 1.18617277e-02
 2.59515400e-04 1.12180803e-01 5.20710741e-01 1.34873369e-01
 7.34075740e-01 0.00000000e+00]
10.0
983750
1.1920928955078125e-07
