[ 0.06256043 -0.00751677  0.81634332  0.27491719 -0.00882554 -0.11787159
  0.09920674  0.24991153 -0.00377705  0.69164026  0.25000001  0.01206436
  0.65091836  0.0491082   0.32102321  0.54510129  0.53309253  0.        ]
[1.54542679e-02 3.08044067e-02 2.37008873e-02 4.32885305e-01
 7.16254295e-02 3.17427994e-01 7.86682323e-02 2.21095876e-05
 1.63948313e-02 6.77700036e-04 1.72653460e-12 7.19207588e-03
 3.85429883e-04 2.13188216e-01 1.24192454e+00 2.73534919e-01
 5.32805077e-01 0.00000000e+00]
10.0
163898
1.1920928955078125e-07
