[ 0.14823551  0.00341303  0.7331641  -0.08574002 -0.00307541  0.27608448
  0.0579106   0.24986834  0.0158013   0.6916828   0.24999996  0.01659825
  0.64800746  0.03294089  0.43896616  0.26710732  1.01976765  0.        ]
[1.70154748e-02 1.64532186e-02 1.81530882e-02 4.38230784e-01
 3.50393991e-02 3.93814837e-01 4.59778918e-02 3.28988727e-05
 1.79816420e-02 8.65393781e-04 5.16987894e-10 1.11956082e-02
 2.57983632e-04 1.50112246e-01 7.52731963e-01 2.04925918e-01
 7.84050223e-01 0.00000000e+00]
10.0
491779
1.1920928955078125e-07
