[ 0.18706901  0.01348458  0.69112123 -0.22667746  0.00547336  0.36571618
  0.03297413  0.24982579  0.00138865  0.69141934  0.24999989  0.00911109
  0.6476354   0.02472303  0.35546437  0.09724102  1.07517812  0.00257287]
[7.54763937e-03 1.05157309e-02 7.49594090e-03 3.99485902e-01
 1.69474804e-02 3.72741190e-01 2.45771817e-02 4.35221967e-05
 1.85944410e-02 9.20982855e-04 3.99611206e-09 1.18712367e-02
 2.42544759e-04 1.00883876e-01 3.52677831e-01 8.82812498e-02
 5.34330469e-01 2.56625254e-03]
10.0
1967451
1.1920928955078125e-07
