[ 2.01941714e-01 -2.19955310e-03  7.42418795e-01  1.36425239e-01
 -6.33206559e-02 -9.13512616e-01  7.26785083e-03  5.39888259e-04
 -1.35524531e-02 -3.41472971e-02  6.30352407e-02 -4.92469579e-02
  4.26143990e-02 -2.74414894e-03 -7.60590672e-02  1.76055618e-01
  3.32790620e-01  9.61276544e-02  8.83220211e-01]
[0.00310236 0.01706503 0.0052768  0.08054188 0.03283381 0.02949768
 0.00413974 0.00390677 0.0024965  0.05251613 0.03273646 0.02496788
 0.00304882 0.00545723 0.00529353 0.1215675  0.14006055 0.05170563
 0.32108505]
10.0
2294449
1.1920928955078125e-07
