[ 1.93753113e-01 -1.17549196e-02  7.48675121e-01  2.13994565e-01
 -7.94283613e-02 -9.16157968e-01  7.40298991e-03  3.96148038e-04
 -1.43590625e-02 -8.37915650e-02  7.93815580e-02 -3.65853597e-02
  4.97323412e-02  2.08742936e-03 -8.22059927e-02  1.86056283e-01
  2.19468384e-01  1.33213128e-01  7.32385681e-01]
[0.00245833 0.013868   0.00500619 0.07110215 0.02506756 0.01238236
 0.00423779 0.00427307 0.00198836 0.05120985 0.02502711 0.01069274
 0.00243996 0.00484236 0.00536802 0.14325319 0.09293648 0.05130681
 0.19874884]
10.0
3113995
1.1920928955078125e-07
