[ 1.93244752e-01 -1.00898865e-02  7.49055007e-01  2.09806792e-01
 -7.33314272e-02 -9.17992521e-01  8.84186458e-03  1.30698601e-04
 -1.60477412e-02 -8.43725394e-02  7.32679334e-02 -3.64899815e-02
  5.01963877e-02  1.98537880e-03 -8.25535426e-02  1.87351328e-01
  2.20126989e-01  1.25287809e-01  7.31128286e-01]
[0.00254567 0.01396205 0.00503178 0.0714303  0.02433258 0.01213048
 0.00434985 0.00433198 0.00214422 0.05199879 0.02431356 0.01059054
 0.00252298 0.00497831 0.00545344 0.13808209 0.09582426 0.04872168
 0.2048358 ]
10.0
2622297
1.1920928955078125e-07
