[ 2.00960798e-01 -3.90518545e-03  7.42933629e-01  1.43010793e-01
 -6.42109835e-02 -9.13886083e-01  5.86450465e-03  8.28706649e-04
 -1.19175010e-02 -3.14808908e-02  6.39449424e-02 -4.55398220e-02
  4.34189530e-02 -1.62412004e-03 -7.65820379e-02  1.71898854e-01
  3.18999826e-01  9.57296316e-02  8.64247768e-01]
[0.00287358 0.01671731 0.00533999 0.07859052 0.0328543  0.0287923
 0.00395108 0.0037537  0.00224502 0.04743539 0.03275705 0.02382894
 0.00282963 0.00548941 0.00540746 0.12021104 0.12669995 0.05217847
 0.29352542]
10.0
2950025
1.1920928955078125e-07
