[ 2.00461736e-01 -4.32326933e-03  7.43624512e-01  1.47551446e-01
 -6.11155039e-02 -9.15864238e-01  5.03924193e-03  1.29125886e-03
 -1.13128524e-02 -3.04227005e-02  6.09472484e-02 -4.15284444e-02
  4.38448890e-02 -8.90135139e-04 -7.72803319e-02  1.69089379e-01
  3.13106402e-01  9.09128247e-02  8.52825671e-01]
[0.00279038 0.01628476 0.00540082 0.07813232 0.03065916 0.02689471
 0.00393597 0.0036765  0.00213536 0.04539859 0.0305675  0.02194865
 0.00275313 0.00550742 0.00549439 0.11819537 0.12047445 0.04821734
 0.28151758]
10.0
3277818
1.1920928955078125e-07
