[ 1.93261674e-01 -9.44056921e-03  7.49465177e-01  2.07636506e-01
 -7.06920280e-02 -9.20520284e-01  8.83245367e-03 -2.65551015e-04
 -1.64370687e-02 -8.21434696e-02  7.06112437e-02 -3.39251108e-02
  5.01763763e-02  3.00244707e-03 -8.30360948e-02  1.85233011e-01
  2.19481171e-01  1.18686180e-01  7.27216337e-01]
[0.00248079 0.01366897 0.00499869 0.07034355 0.02360501 0.01058359
 0.00428505 0.00427035 0.0021362  0.04995384 0.02358576 0.00867558
 0.00245824 0.0046692  0.00545932 0.13248352 0.08938399 0.04283589
 0.20544598]
10.0
2458402
1.1920928955078125e-07
