[ 1.93875426e-01 -1.21466579e-02  7.48831401e-01  2.13654501e-01
 -7.76059449e-02 -9.16947983e-01  6.95898197e-03  7.27477876e-04
 -1.39958259e-02 -8.15225706e-02  7.75826257e-02 -3.50983585e-02
  4.96501913e-02  2.24197388e-03 -8.24140821e-02  1.82640316e-01
  2.21230365e-01  1.29516665e-01  7.32762899e-01]
[0.00243937 0.01371883 0.00503915 0.07097192 0.02435228 0.01221129
 0.0042108  0.00421751 0.00194332 0.05018318 0.02431172 0.01037277
 0.00242391 0.00481217 0.00539732 0.14154483 0.09161835 0.04962905
 0.19710447]
10.0
3277896
1.1920928955078125e-07
