[ 1.92406473e-01 -8.91200633e-03  7.49882639e-01  2.10734028e-01
 -7.25989961e-02 -9.18761347e-01  1.05947857e-02 -6.20665435e-04
 -1.79558291e-02 -9.02843936e-02  7.24726750e-02 -3.75202797e-02
  5.09375043e-02  3.28158606e-03 -8.29596954e-02  1.88943107e-01
  2.13224353e-01  1.23168024e-01  7.20184191e-01]
[0.00254551 0.01369521 0.00496709 0.07065429 0.0246111  0.01093278
 0.00434653 0.00440488 0.00229088 0.0519643  0.02459425 0.009218
 0.00252333 0.00477887 0.00544982 0.13415253 0.09167726 0.04546433
 0.20914834]
10.0
2130603
1.1920928955078125e-07
