[ 1.53528242e-01 -2.15611823e-03  7.79259066e-01  2.87913570e-01
  1.10537934e-04 -9.07620547e-01  7.61487689e-02 -2.01460598e-02
 -7.53331823e-02 -2.64838595e-01 -3.56922665e-05 -8.40019629e-02
  9.18184356e-02  2.16457129e-03 -1.15523773e-01  1.66519270e-01
  5.22471624e-02  4.93723186e-02  4.40244999e-01]
[0.00431208 0.01109031 0.00478652 0.06760209 0.01367494 0.01205371
 0.00583019 0.0109726  0.00521768 0.07320184 0.01367706 0.01293919
 0.00424924 0.00535478 0.00527351 0.09595668 0.14034314 0.02957172
 0.28937399]
10.0
327769
1.1920928955078125e-07
