[ 1.98594747e-01 -1.76391692e-02  7.42883755e-01  1.53525583e-01
 -4.90829955e-02 -9.33868969e-01  1.09744381e-02  9.46382487e-05
 -1.44999098e-02 -4.87202524e-02  4.89366304e-02 -2.80851937e-02
  4.58641728e-02  3.90773652e-03 -7.69152463e-02  1.40914051e-01
  2.74419348e-01  8.62290582e-02  8.17274462e-01]
[0.00255356 0.0146293  0.00424155 0.06791927 0.02337629 0.01061397
 0.00415295 0.00353407 0.00228965 0.0500619  0.02335652 0.01014741
 0.00253726 0.00453839 0.00455526 0.11640285 0.10750711 0.03259963
 0.26518218]
10.0
1638905
1.1920928955078125e-07
