[ 1.92887930e-01 -9.51068908e-03  7.49924505e-01  2.08686037e-01
 -7.02854965e-02 -9.19962447e-01  9.51325146e-03 -4.14847175e-04
 -1.71931710e-02 -8.48496375e-02  7.01730469e-02 -3.50810693e-02
  5.05174832e-02  3.29781223e-03 -8.32314447e-02  1.84116092e-01
  2.18513602e-01  1.18560198e-01  7.24768098e-01]
[0.00251564 0.01366963 0.00500069 0.07057314 0.02382095 0.01078511
 0.00433589 0.00431789 0.00220728 0.05065298 0.02380204 0.00890564
 0.00249441 0.00472634 0.00548009 0.13225236 0.0904461  0.04352925
 0.20724813]
10.0
2294502
1.1920928955078125e-07
