[ 1.92184015e-01 -7.12259694e-04  7.42134367e-01  1.72195819e-01
 -5.90073214e-02 -9.23891327e-01  2.22321617e-02 -1.76934924e-03
 -2.06095589e-02 -9.27050822e-02  5.91342237e-02 -4.73767272e-02
  5.23749635e-02 -2.12120823e-03 -7.61856865e-02  1.87766624e-01
  2.25108492e-01  1.10030700e-01  7.70434912e-01]
[0.00300681 0.01495342 0.00405293 0.07045843 0.0261817  0.01665144
 0.00489422 0.00465654 0.00262802 0.06442106 0.0261653  0.01772091
 0.00303618 0.00541896 0.004249   0.13502414 0.13183939 0.06553161
 0.28195625]
10.0
983317
1.1920928955078125e-07
