[ 1.93387593e-01 -1.03788213e-02  7.49030758e-01  2.12839325e-01
 -7.66940621e-02 -9.16545981e-01  8.27581592e-03  1.80185341e-04
 -1.54537251e-02 -8.55998518e-02  7.66672302e-02 -3.72775055e-02
  5.00470986e-02  2.00170335e-03 -8.24405903e-02  1.89386144e-01
  2.18691051e-01  1.30178268e-01  7.30538672e-01]
[0.00251875 0.01397969 0.00502156 0.07137351 0.02514735 0.01224008
 0.00431293 0.00433445 0.00209139 0.05219228 0.02512836 0.01082277
 0.0024956  0.00498239 0.00542269 0.14079231 0.09554798 0.05085929
 0.20268179]
10.0
2786195
1.1920928955078125e-07
