[ 2.02210456e-01 -5.44678295e-04  7.41850363e-01  1.32607993e-01
 -6.48430805e-02 -9.13508140e-01  8.41284496e-03  4.67359969e-06
 -1.40385905e-02 -3.55388961e-02  6.45398736e-02 -5.11474498e-02
  4.24271881e-02 -3.83492549e-03 -7.55326065e-02  1.78550865e-01
  3.36580028e-01  9.50181288e-02  8.89918469e-01]
[0.00328292 0.01713999 0.00513197 0.07906666 0.03370695 0.03093979
 0.00431983 0.00405188 0.00269101 0.05427556 0.03358945 0.02686942
 0.00323159 0.00527698 0.00512091 0.12254357 0.14663583 0.05145032
 0.33191888]
10.0
1966667
1.1920928955078125e-07
