[ 1.76806713e-01 -5.10812059e-03  7.59556404e-01  2.33170275e-01
 -5.07285196e-02 -9.17415380e-01  3.78924000e-02 -8.73513816e-03
 -4.16337210e-02 -1.58105023e-01  5.08439834e-02 -5.54207994e-02
  6.72019958e-02 -6.42297545e-05 -9.51975377e-02  1.86195847e-01
  1.38586449e-01  9.82548388e-02  6.03246645e-01]
[0.00364986 0.01234883 0.00487172 0.06619519 0.02440103 0.01081107
 0.00590573 0.00702228 0.00437665 0.06609683 0.02437074 0.01118431
 0.00363993 0.00447871 0.0053849  0.11062248 0.11077474 0.04181058
 0.25036924]
10.0
655554
1.1920928955078125e-07
