[ 2.01292491e-01 -1.81495758e-03  7.43242627e-01  1.41308943e-01
 -6.26560757e-02 -9.13161178e-01  6.50695535e-03  7.60010943e-04
 -1.29570283e-02 -3.34204960e-02  6.23981044e-02 -4.75781537e-02
  4.31765905e-02 -2.25388060e-03 -7.69099024e-02  1.77172456e-01
  3.25724726e-01  9.45277276e-02  8.71078730e-01]
[0.00299091 0.01693779 0.00541172 0.08005024 0.03253015 0.02966231
 0.00403432 0.00382659 0.00237604 0.04958538 0.03244084 0.02465288
 0.00294271 0.00546579 0.00546956 0.12114476 0.13253386 0.05110791
 0.30620362]
10.0
2622238
1.1920928955078125e-07
