[ 1.69847396e-01 -9.99360674e-03  7.66502932e-01  2.44391192e-01
 -3.71602103e-02 -9.15356283e-01  5.06712195e-02 -1.18771993e-02
 -5.31964446e-02 -1.88960687e-01  3.72917237e-02 -6.45579862e-02
  7.47696199e-02  3.64927326e-04 -1.02105372e-01  1.64203335e-01
  1.17471581e-01  8.18890303e-02  5.57455729e-01]
[0.00402406 0.01200772 0.00481851 0.06710424 0.02322688 0.01068384
 0.00614975 0.00845297 0.00487133 0.07083002 0.0232155  0.01181407
 0.00400475 0.00466596 0.00533003 0.09705589 0.12296126 0.03827982
 0.27334295]
10.0
491660
1.1920928955078125e-07
