[ 1.87221071e-01 -7.14184405e-05  7.47244808e-01  1.99046513e-01
 -5.56281449e-02 -9.14571325e-01  3.29346397e-02 -3.34704756e-03
 -2.86783853e-02 -1.37394610e-01  5.56765112e-02 -6.31389565e-02
  5.82826895e-02 -3.16309018e-03 -8.05686450e-02  1.91488105e-01
  1.97474058e-01  1.24260411e-01  7.25978048e-01]
[0.00349946 0.01432414 0.00406743 0.07445957 0.02616304 0.0202227
 0.00559571 0.0054026  0.00319918 0.07588168 0.02615184 0.02208986
 0.00357518 0.00626528 0.00416955 0.14453099 0.14945728 0.08248976
 0.3026765 ]
10.0
655536
1.1920928955078125e-07
