[ 1.96803990e-01 -3.18108177e-04  7.44299311e-01  2.03576773e-01
 -3.99416405e-04  7.26050773e-01  1.90865914e-01  6.56100239e-03
  7.64745812e-01  2.49999998e-01  2.49966229e-03  6.59482077e-01
  1.46854571e-01  1.55498607e-01  3.71466030e-01  7.04754082e-01
  3.33422420e-01]
[3.37109414e-03 1.01438376e-02 4.40167614e-03 3.55699953e-03
 1.26991599e-02 5.21736637e-03 3.84900481e-03 9.46222474e-03
 4.69013944e-03 1.18591341e-09 1.28820173e-02 5.31602694e-04
 7.47012111e-02 1.27613152e-01 1.53786145e-01 2.48838109e-01
 2.22251910e-01]
10.0
2622907
1.1920928955078125e-07
