[1.96569660e-01 3.54544846e-04 7.44104944e-01 2.02171618e-01
 7.30015325e-04 7.28438787e-01 1.90605770e-01 7.12451335e-03
 7.64627293e-01 2.50000006e-01 1.74628351e-03 6.59985051e-01
 1.44818106e-01 1.56153406e-01 3.59391924e-01 7.01816714e-01
 3.37040838e-01]
[3.31375669e-03 1.01128335e-02 4.40019804e-03 3.61131447e-03
 1.24446269e-02 5.39953179e-03 3.77694144e-03 9.44646077e-03
 4.70255626e-03 1.29445303e-09 1.28926379e-02 5.48014625e-04
 7.48419777e-02 1.22031038e-01 1.46604600e-01 2.40756084e-01
 2.23444312e-01]
10.0
3278665
1.1920928955078125e-07
