[ 0.19769202 -0.00190281  0.74455629  0.20914044 -0.00506575  0.71952225
  0.19190936  0.00481469  0.76499969  0.25        0.00155297  0.65883914
  0.13517514  0.16857517  0.36666701  0.72560487  0.317727  ]
[3.49203436e-03 1.01677100e-02 4.31907516e-03 3.28246837e-03
 1.34877693e-02 4.63221193e-03 4.03637447e-03 9.40403094e-03
 4.59339298e-03 8.61280709e-10 1.29308387e-02 5.12445492e-04
 7.39755793e-02 1.45858546e-01 1.74700051e-01 2.79419681e-01
 2.16776554e-01]
10.0
1475320
1.1920928955078125e-07
