[ 0.19759086 -0.00145579  0.74479005  0.20794275 -0.00406808  0.72055113
  0.1917767   0.00529091  0.76519499  0.24999997  0.00233651  0.65903583
  0.14004603  0.16619158  0.37268384  0.72127011  0.32332272]
[3.45078837e-03 1.02716925e-02 4.33673100e-03 3.34234535e-03
 1.34543016e-02 4.71486025e-03 3.98052054e-03 9.52901509e-03
 4.60353035e-03 1.15323176e-09 1.30532667e-02 5.19078979e-04
 7.46983945e-02 1.43734360e-01 1.71361608e-01 2.75407101e-01
 2.18785138e-01]
10.0
1639260
1.1920928955078125e-07
