[ 1.96887603e-01 -4.53697038e-04  7.44375213e-01  2.03162433e-01
 -4.66824511e-04  7.26844252e-01  1.90915600e-01  6.40600951e-03
  7.64848877e-01  2.50000011e-01  1.98436659e-03  6.59760393e-01
  1.46072121e-01  1.56636530e-01  3.69341385e-01  7.04318814e-01
  3.33921453e-01]
[3.33887089e-03 1.01023021e-02 4.39855020e-03 3.57019580e-03
 1.26505723e-02 5.28527827e-03 3.81240463e-03 9.43944345e-03
 4.68986831e-03 1.31299413e-09 1.29563513e-02 5.40547492e-04
 7.53783176e-02 1.26364208e-01 1.51154625e-01 2.46781818e-01
 2.22417916e-01]
10.0
2786847
1.1920928955078125e-07
