[ 0.1973012  -0.0012822   0.74474328  0.20645582 -0.00321348  0.72193539
  0.19144339  0.0055531   0.76508059  0.24999998  0.00187845  0.65918852
  0.14172229  0.16169837  0.37774341  0.71568576  0.32892635]
[3.45355829e-03 1.01301777e-02 4.34417669e-03 3.42222947e-03
 1.32015177e-02 4.83142063e-03 3.97099205e-03 9.40900011e-03
 4.61515754e-03 1.09772283e-09 1.30730020e-02 5.23134027e-04
 7.47009081e-02 1.41489869e-01 1.68994337e-01 2.69696506e-01
 2.20733805e-01]
10.0
1803197
1.1920928955078125e-07
