[ 0.14526099 -0.00618208  0.79136743  0.24321883 -0.01578113  0.69090285
  0.13377752  0.0051551   0.81046367  0.25        0.00814695  0.66195829
  0.06832599 -0.02468374  0.64098997  0.35244016  0.06965563]
[4.00719147e-03 8.54166378e-03 3.22345683e-03 7.07518241e-04
 2.05676693e-02 6.13718169e-04 4.31453696e-03 7.95876610e-03
 3.25053493e-03 5.84348614e-12 1.10152259e-02 5.41507252e-04
 1.20578676e-01 1.67829975e-01 2.85655733e-01 2.68472045e-01
 6.48037205e-02]
10.0
163892
1.1920928955078125e-07
