[ 0.19852881 -0.0018051   0.74576588  0.21029457 -0.00521379  0.71955644
  0.19276878  0.00452623  0.76656856  0.25        0.00200408  0.65871262
  0.12264796  0.19285707  0.3445295   0.73865211  0.31028472]
[3.57485111e-03 1.02124667e-02 4.36935329e-03 3.18855019e-03
 1.36057938e-02 4.60471774e-03 4.14271980e-03 9.50914927e-03
 4.60603297e-03 9.57028760e-10 1.28208780e-02 5.08277060e-04
 7.41592609e-02 1.47871005e-01 1.63954786e-01 2.95179385e-01
 2.14008111e-01]
10.0
1311373
1.1920928955078125e-07
