[ 1.97338367e-01 -3.86538392e-04  7.44764227e-01  2.03903857e-01
 -5.45274007e-04  7.25741825e-01  1.91403725e-01  6.39518733e-03
  7.65237304e-01  2.49999993e-01  2.68251063e-03  6.59514103e-01
  1.43221028e-01  1.59227351e-01  3.63745735e-01  7.05342126e-01
  3.33461165e-01]
[3.31990334e-03 9.90283670e-03 4.41275357e-03 3.54149553e-03
 1.27627903e-02 5.18950813e-03 3.81247252e-03 9.18644729e-03
 4.70090866e-03 1.23349470e-09 1.28949364e-02 5.33250175e-04
 7.14386117e-02 1.25506981e-01 1.52500476e-01 2.46223241e-01
 2.22264816e-01]
10.0
2458967
1.1920928955078125e-07
