[ 1.97361928e-01 -4.93680332e-04  7.44969415e-01  2.05478855e-01
 -1.69541049e-03  7.23307295e-01  1.91471199e-01  6.22183074e-03
  7.65382542e-01  2.49999986e-01  2.87361060e-03  6.59541667e-01
  1.41065983e-01  1.63669176e-01  3.67545846e-01  7.12860518e-01
  3.32192251e-01]
[3.41193089e-03 1.01098038e-02 4.35727578e-03 3.46810256e-03
 1.31065227e-02 4.94014919e-03 3.91840164e-03 9.39504148e-03
 4.63488352e-03 1.07557902e-09 1.30217108e-02 5.29522320e-04
 7.40353251e-02 1.36489574e-01 1.62144068e-01 2.62126427e-01
 2.21840559e-01]
10.0
1967138
1.1920928955078125e-07
