[ 0.19615597  0.00502115  0.7473626   0.21536731 -0.00226218  0.71334846
  0.19014266  0.01117756  0.76828262  0.25000002  0.01063192  0.65895436
  0.12547994  0.18225988  0.35076721  0.71796672  0.28621229]
[3.95254624e-03 1.00448732e-02 4.22214427e-03 2.85592013e-03
 1.43071086e-02 3.94062497e-03 4.56415649e-03 9.35392443e-03
 4.35514532e-03 8.05556074e-10 1.25472864e-02 5.10897736e-04
 7.82441791e-02 1.54630887e-01 1.87921627e-01 3.12524893e-01
 2.04294813e-01]
10.0
819563
1.1920928955078125e-07
