[ 1.96645866e-01 -1.18832740e-04  7.44163009e-01  2.02556687e-01
  4.99319333e-05  7.27841673e-01  1.90675887e-01  6.71797571e-03
  7.64654492e-01  2.50000009e-01  1.39550132e-03  6.60011293e-01
  1.45455740e-01  1.55970023e-01  3.64455963e-01  7.03052596e-01
  3.36174027e-01]
[3.32382727e-03 1.01221246e-02 4.40459353e-03 3.59763252e-03
 1.24607784e-02 5.35073627e-03 3.78893472e-03 9.46712455e-03
 4.70236286e-03 1.24223665e-09 1.29061536e-02 5.48873884e-04
 7.57051150e-02 1.24013207e-01 1.48250756e-01 2.43627607e-01
 2.23161051e-01]
10.0
3114732
1.1920928955078125e-07
