[ 0.1889815   0.00148281  0.75308339  0.22271452 -0.01008951  0.70505608
  0.18222838  0.0082474   0.7738596   0.25000002  0.00975733  0.65970015
  0.11986744  0.14587505  0.40250753  0.66375834  0.24891754]
[4.30556785e-03 9.92081450e-03 3.79932744e-03 2.33630425e-03
 1.56824594e-02 2.75806712e-03 4.93776006e-03 9.28837919e-03
 3.83962511e-03 2.04259409e-10 1.29810860e-02 5.10685236e-04
 9.24692456e-02 1.63355947e-01 2.22960536e-01 3.20045528e-01
 1.86957599e-01]
10.0
491705
1.1920928955078125e-07
