[ 0.19547844  0.00279652  0.75026058  0.21799973 -0.00581301  0.711969
  0.18930052  0.00888314  0.77135879  0.25000003  0.00907263  0.65924305
  0.11070328  0.19801453  0.35064929  0.72300671  0.26824205]
[4.19942377e-03 9.96073496e-03 4.25514303e-03 2.66705197e-03
 1.46540493e-02 3.69687455e-03 4.85903393e-03 9.34689266e-03
 4.33359440e-03 9.84698852e-10 1.26787017e-02 5.15497893e-04
 8.10406524e-02 1.65376229e-01 1.92388961e-01 3.41708337e-01
 1.96288253e-01]
10.0
655628
1.1920928955078125e-07
