[ 1.96757157e-01 -6.29391929e-04  7.44544508e-01  2.02581250e-01
 -3.25247400e-04  7.27734201e-01  1.90749392e-01  6.21243510e-03
  7.65035872e-01  2.50000010e-01  1.49000660e-03  6.59989862e-01
  1.44741612e-01  1.56439694e-01  3.66860959e-01  7.01862218e-01
  3.35587196e-01]
[3.32225036e-03 9.98960522e-03 4.39999925e-03 3.59144170e-03
 1.24995632e-02 5.34233467e-03 3.79066894e-03 9.34268951e-03
 4.69537179e-03 1.30824949e-09 1.29456682e-02 5.48702407e-04
 7.53603382e-02 1.24759920e-01 1.48103450e-01 2.43511742e-01
 2.22968430e-01]
10.0
2950786
1.1920928955078125e-07
