[ 0.19745219  0.00174897  0.74697722  0.21103783 -0.0025365   0.71867657
  0.19149386  0.00805085  0.76779846  0.25        0.00642513  0.65878668
  0.12700207  0.18376757  0.34652219  0.72073759  0.30340463]
[3.61327702e-03 1.01940921e-02 4.35677913e-03 3.11903810e-03
 1.38107365e-02 4.51987162e-03 4.17794970e-03 9.46536275e-03
 4.56374585e-03 7.89287758e-10 1.29189126e-02 4.97301581e-04
 7.43532657e-02 1.41690521e-01 1.70415204e-01 2.83514484e-01
 2.11350260e-01]
10.0
1147438
1.1920928955078125e-07
