[ 0.18292341  0.00310923  0.76186553  0.23214164 -0.01297765  0.69420908
  0.17530865  0.01126352  0.78225035  0.25000003  0.01285692  0.66006077
  0.13037018  0.11186923  0.4948696   0.61452437  0.19038714]
[5.02587399e-03 9.82996427e-03 3.65225110e-03 1.54080332e-03
 1.73447495e-02 1.10267628e-03 5.74726853e-03 9.14361650e-03
 3.59014619e-03 3.02878915e-10 1.29398859e-02 4.83172766e-04
 1.03056542e-01 1.92682813e-01 2.62106037e-01 3.65116990e-01
 1.54139876e-01]
10.0
327790
1.1920928955078125e-07
