[ 0.19709533  0.00152597  0.74692655  0.21323087 -0.00425235  0.7164336
  0.19120899  0.00774042  0.76783711  0.25        0.00707756  0.65889934
  0.12147712  0.1893565   0.34417624  0.72633819  0.29574502]
[3.74477436e-03 1.02550122e-02 4.30990263e-03 2.98904776e-03
 1.41689795e-02 4.27467512e-03 4.33223850e-03 9.53983641e-03
 4.48451344e-03 9.11519880e-10 1.29015464e-02 5.00584433e-04
 7.57389681e-02 1.46745366e-01 1.74130788e-01 2.98894764e-01
 2.08279902e-01]
10.0
983506
1.1920928955078125e-07
