[ 1.97405167e-01 -6.01098130e-04  7.44843526e-01  2.04386371e-01
 -1.17034440e-03  7.24935223e-01  1.91489844e-01  6.19739651e-03
  7.65271470e-01  2.49999986e-01  2.46145359e-03  6.59452159e-01
  1.42901034e-01  1.60783892e-01  3.66889979e-01  7.08427736e-01
  3.33397821e-01]
[3.35189359e-03 9.97753340e-03 4.42391668e-03 3.51893402e-03
 1.28982273e-02 5.10641160e-03 3.84822296e-03 9.26004766e-03
 4.70964136e-03 1.07837072e-09 1.29512146e-02 5.32881989e-04
 7.23704926e-02 1.29722723e-01 1.55642394e-01 2.51675961e-01
 2.22243714e-01]
10.0
2295018
1.1920928955078125e-07
