[ 1.97561948e-01  2.82597417e-04  7.44996019e-01  2.04741635e-01
 -3.90758991e-04  7.24340450e-01  1.91650038e-01  6.94834367e-03
  7.65482625e-01  2.49999987e-01  3.27008807e-03  6.59385128e-01
  1.41763816e-01  1.65605565e-01  3.62097327e-01  7.11925936e-01
  3.32608505e-01]
[3.39111160e-03 1.00720113e-02 4.42614478e-03 3.50119827e-03
 1.30021145e-02 5.05058469e-03 3.89433058e-03 9.36789949e-03
 4.70275854e-03 1.15707376e-09 1.30218271e-02 5.24331942e-04
 7.32391960e-02 1.33205820e-01 1.56305311e-01 2.57973485e-01
 2.21980087e-01]
10.0
2131079
1.1920928955078125e-07
