[ 0.16859121  0.04663885  0.8580556   0.89207459  0.01882881 -0.42669299
  0.08188966  0.24992983 -0.00250555  0.68905559  0.25        0.04198688
  0.66182325  0.17324307  0.1903967   0.19128795  0.21765447  0.        ]
[3.07539023e-03 1.07172469e-03 1.70400927e-03 1.18964676e-03
 3.76403219e-03 2.30284045e-03 7.81906586e-03 1.75377582e-05
 1.63944724e-02 6.85062714e-04 2.75842583e-11 5.82921987e-03
 5.71925362e-04 5.65810332e-02 1.60260435e-01 4.69438825e-02
 1.11395307e-01 0.00000000e+00]
10.0
491658
1.1920928955078125e-07
