[ 0.16874846  0.04981514  0.85739054  0.8938629   0.02020885 -0.42195336
  0.09322013  0.24992891  0.00825534  0.68990521  0.25000002  0.04718763
  0.6635087   0.17234708  0.18278293  0.18860412  0.20453949  0.        ]
[2.05491393e-03 9.75354885e-04 1.10305947e-03 2.71691449e-03
 2.95543921e-03 2.52081522e-03 5.67292036e-03 1.77663815e-05
 1.66438872e-02 8.02200139e-04 1.62362279e-10 6.19444515e-03
 6.67506774e-04 3.87895556e-02 9.88690988e-02 3.07270280e-02
 7.20328628e-02 0.00000000e+00]
10.0
819433
1.1920928955078125e-07
