[ 0.16601422  0.04112568  0.8399315   0.82064852  0.00396526 -0.38169147
  0.09023633  0.24992693  0.00158724  0.69105637  0.25000002  0.03581854
  0.6646131   0.13153691  0.15683561  0.19021641  0.24606472  0.        ]
[1.96564315e-03 1.46310689e-03 3.94540951e-03 9.63036642e-02
 3.62828404e-03 6.24178321e-02 1.03395212e-02 1.82617204e-05
 1.67589693e-02 8.11290614e-04 1.46653345e-10 7.56504973e-03
 6.51991547e-04 4.41773225e-02 7.00439485e-02 4.94671946e-02
 7.30166581e-02 0.00000000e+00]
10.0
1638879
1.1920928955078125e-07
