[ 0.16769388  0.04184404  0.84026067  0.81585497  0.00667678 -0.37488098
  0.09157041  0.24992729  0.00326245  0.69100267  0.25000002  0.03657215
  0.66422911  0.13678861  0.16599585  0.1913976   0.25346334  0.        ]
[1.81430324e-03 1.38664270e-03 4.12358266e-03 1.04574856e-01
 3.55783421e-03 6.70442360e-02 1.02382755e-02 1.81728146e-05
 1.63946123e-02 7.95278788e-04 1.57055248e-10 7.39343510e-03
 6.37000224e-04 4.29474266e-02 6.97253831e-02 5.13340993e-02
 7.64771683e-02 0.00000000e+00]
10.0
1474989
1.1920928955078125e-07
