[ 0.16896048  0.049208    0.85743488  0.89235154  0.02061922 -0.42338573
  0.08845693  0.24992945  0.0107774   0.68949315  0.25000001  0.04728802
  0.66281831  0.1743139   0.18699751  0.18768849  0.21161387  0.        ]
[2.43999413e-03 1.09733490e-03 1.37206744e-03 3.35597339e-03
 3.30548024e-03 3.11510240e-03 6.42690829e-03 1.76330183e-05
 1.60867046e-02 7.19603124e-04 4.11328267e-11 5.66333475e-03
 6.05172898e-04 4.59750187e-02 1.21874734e-01 3.61740957e-02
 8.83289942e-02 0.00000000e+00]
10.0
655545
1.1920928955078125e-07
