[ 0.17239312  0.0464046   0.85940727  0.88742787  0.01807001 -0.42985193
  0.07867059  0.24993135 -0.01405269  0.68968563  0.24999999  0.03413904
  0.66148906  0.19075473  0.2171332   0.21394723  0.25161201  0.        ]
[4.35887816e-03 1.44920672e-03 2.51300164e-03 1.69558563e-03
 5.45742704e-03 3.28366915e-03 1.07468188e-02 1.71567119e-05
 1.72485923e-02 6.69253456e-04 2.90499375e-11 6.03603295e-03
 5.25796875e-04 8.02527984e-02 2.34634365e-01 6.65773550e-02
 1.61346739e-01 0.00000000e+00]
10.0
327770
1.1920928955078125e-07
