[ 0.16925299  0.04267009  0.84283828  0.83365663  0.00776487 -0.39077305
  0.09218503  0.24992716  0.00561026  0.69005044  0.25000002  0.04018822
  0.66357619  0.1424328   0.17087168  0.19375586  0.25104374  0.        ]
[1.87749325e-03 1.39191445e-03 3.38899454e-03 7.93583474e-02
 3.59734935e-03 5.04517574e-02 1.03472233e-02 1.82045667e-05
 1.66229776e-02 7.80428097e-04 1.76685556e-10 6.94567391e-03
 6.35912882e-04 4.40364051e-02 7.34075544e-02 5.08317297e-02
 7.53574071e-02 0.00000000e+00]
10.0
1311102
1.1920928955078125e-07
