[ 0.17045477  0.04889301  0.85491381  0.89028288  0.0164674  -0.42447784
  0.09513206  0.2499278   0.00874305  0.69067699  0.25000002  0.04467047
  0.66373166  0.16609091  0.18346164  0.19083493  0.21647089  0.        ]
[1.96079002e-03 9.77391536e-04 1.10459315e-03 3.61547534e-03
 3.14395207e-03 3.41250203e-03 7.72174140e-03 1.80458054e-05
 1.68687573e-02 8.15626151e-04 1.35419741e-10 6.59560340e-03
 6.81949109e-04 3.67934583e-02 8.58843672e-02 3.98237604e-02
 6.68932769e-02 0.00000000e+00]
10.0
983324
1.1920928955078125e-07
