[ 0.1693952   0.04384768  0.84640581  0.85355765  0.00963627 -0.40491614
  0.09085187  0.24992787  0.00723842  0.68958199  0.25000002  0.0419877
  0.66334136  0.14632556  0.17457817  0.19010055  0.24129718  0.        ]
[1.96207224e-03 1.33407860e-03 2.66473471e-03 5.20251377e-02
 3.64775732e-03 3.36230486e-02 9.83939613e-03 1.80276611e-05
 1.65478898e-02 7.71911456e-04 2.01787246e-10 6.81102458e-03
 6.35886891e-04 4.39568023e-02 7.96649888e-02 4.90212542e-02
 7.45834838e-02 0.00000000e+00]
10.0
1147211
1.1920928955078125e-07
