[ 0.18859721  0.05407472  0.87105517  0.8804011   0.02837588 -0.42565937
  0.07807757  0.2499344  -0.03936467  0.68557004  0.25000001  0.03888725
  0.65790042  0.27395835  0.3301143   0.28832274  0.3568945   0.        ]
[7.56082656e-03 2.31708380e-03 4.33463966e-03 2.88976833e-03
 1.00331140e-02 5.30394637e-03 1.85798727e-02 1.63945916e-05
 1.32684776e-02 5.27696373e-04 4.63113306e-12 6.40555781e-03
 4.30100992e-04 1.36550246e-01 4.33278541e-01 1.12946115e-01
 2.90717476e-01 0.00000000e+00]
10.0
163883
1.1920928955078125e-07
