[ 1.99353630e-01 -1.20790563e-02  7.53843805e-01  2.42400151e-01
 -1.03509030e-01 -8.92664974e-01  7.53973371e-04  3.07889334e-03
 -1.15261206e-02 -9.78950800e-02  1.03405235e-01 -5.48334259e-02
  4.56325270e-02  2.74700555e-03 -8.58903301e-02  1.93145282e-01
  2.42331610e-01  1.73494548e-01  7.48697088e-01]
[0.00211425 0.01371538 0.00527853 0.07843818 0.03296972 0.02226941
 0.00356646 0.00372191 0.00177597 0.0556988  0.03291697 0.01902657
 0.00211323 0.00449819 0.00547164 0.1540907  0.09479698 0.08239229
 0.19214865]
10.0
3277922
1.1920928955078125e-07
