[ 2.02306280e-01  2.38458566e-04  7.62112970e-01  2.60888197e-01
 -5.80718633e-02 -8.98146248e-01  3.18359426e-02  1.01175727e-02
 -5.31081802e-02 -2.46832047e-01  5.80711165e-02 -9.67378773e-02
  4.49630359e-02  4.67813294e-03 -9.57385753e-02  1.99559989e-01
  2.84005020e-01  1.38665246e-01  7.65399526e-01]
[0.00208751 0.01376222 0.00571903 0.07297563 0.03098088 0.01794184
 0.00285424 0.00594692 0.00545049 0.07615978 0.03098026 0.01860421
 0.00207281 0.00369312 0.00566054 0.15308545 0.12826529 0.0831837
 0.20468577]
10.0
327767
1.1920928955078125e-07
