[ 0.19613205  0.00803589  0.77938332  0.25581037 -0.05284525 -0.8854803
  0.03836364 -0.0088838  -0.05307613 -0.18297764  0.0525049  -0.08797764
  0.05386795 -0.01398997 -0.11429045  0.02592991  0.36609427  0.07635636
  0.79050634  0.14751633]
[0.00450357 0.01054964 0.00688043 0.1046798  0.0202321  0.0227812
 0.0053996  0.00650506 0.00719912 0.1090022  0.02020506 0.02464636
 0.00450357 0.00486939 0.00627008 0.10200694 0.12717828 0.03009388
 0.37339296 0.12575526]
10.0
327801
1.1920928955078125e-07
