[ 0.17864619  0.00397659  0.80626506  0.34058103 -0.05341716 -0.84829997
  0.06869064 -0.01781445 -0.09364363 -0.32811248  0.05330669 -0.14712928
  0.07135381 -0.02805616 -0.13779311 -0.03127997  0.35534542  0.03734062
  0.67002372  0.03955188]
[0.00588432 0.00850955 0.00846245 0.1093514  0.02194376 0.03024319
 0.00604705 0.01014607 0.00900649 0.11179004 0.02192918 0.03066371
 0.00588432 0.00652541 0.00770664 0.10731277 0.14294479 0.02016291
 0.37272169 0.03798753]
10.0
163886
1.1920928955078125e-07
