[ 0.20462503 -0.00250665  0.76692906  0.19313593 -0.05594403 -0.90879015
  0.02252618 -0.00360371 -0.03287367 -0.08625192  0.05558351 -0.05237208
  0.04537497 -0.00790789 -0.1041756   0.02638259  0.40333152  0.09988296
  0.89054244  0.17366138]
[0.0036189  0.01236814 0.00561292 0.10073706 0.01801336 0.01491886
 0.00485106 0.00473237 0.00478705 0.08915568 0.01797413 0.01593151
 0.0036189  0.00418605 0.00515152 0.08355286 0.13786572 0.02526061
 0.4044885  0.14350311]
10.0
655638
1.1920928955078125e-07
