[ 0.20173359  0.00408997  0.76988445  0.21355407 -0.05965939 -0.90238378
  0.02868898 -0.00621846 -0.03963197 -0.12191599  0.05930586 -0.06430501
  0.0482664  -0.01119273 -0.10669098  0.03583599  0.37990214  0.09567113
  0.8467374   0.16197671]
[0.00392576 0.01201945 0.0058875  0.09860941 0.02033997 0.01758957
 0.00506235 0.00533146 0.00574751 0.09614021 0.02029208 0.01930949
 0.00392576 0.00439398 0.00538438 0.09188    0.12726793 0.02868258
 0.37648784 0.13574026]
10.0
491725
1.1920928955078125e-07
