[ 2.07097130e-01 -1.25622597e-02  7.63399575e-01  1.63742883e-01
 -5.10456371e-02 -9.12886097e-01  1.97012929e-02 -9.44624529e-04
 -2.80466552e-02 -5.51785115e-02  5.06130905e-02 -4.76526077e-02
  4.29028679e-02 -5.52361650e-03 -9.99997905e-02  1.25790867e-02
  4.40173909e-01  1.09253709e-01  9.57287335e-01  1.81506482e-01]
[0.00340075 0.01327633 0.00534926 0.10658081 0.01753584 0.01310497
 0.00453835 0.00435852 0.00415494 0.08678441 0.01750295 0.01358695
 0.00340075 0.00399104 0.0049163  0.0780006  0.15932014 0.0245253
 0.46313325 0.14856188]
10.0
819552
1.1920928955078125e-07
