[ 2.00727425e-01  3.23769834e-03  7.31399344e-01  3.84773243e-01
  1.88085792e-02 -2.39332489e-01  7.64079376e-02  2.98948236e-02
 -1.59534511e-04 -1.86497830e-02  4.92725677e-02  3.49674636e-03
 -7.16665741e-02  8.63358313e-02  2.53806464e-01  2.13114190e-01
  8.07016765e-01  1.95546931e-01]
[0.00307507 0.01120149 0.00385273 0.39527489 0.01943124 0.34302155
 0.0307499  0.00448446 0.00375603 0.00377456 0.00307507 0.00394453
 0.0035616  0.08249863 0.13274186 0.09348224 0.26613462 0.15730833]
10.0
2130890
1.1920928955078125e-07
