[ 1.73302742e-01  7.36567569e-03  7.31252467e-01  3.99753554e-01
  3.09578821e-04 -2.63704743e-01  9.99289765e-02  7.64843164e-02
  5.87389126e-03 -4.14056428e-02  7.66972360e-02  6.35554330e-03
 -6.79564317e-02  1.23329772e-01  8.59190961e-02  2.98889962e-01
  6.41389356e-01  8.01173275e-02]
[0.00406612 0.01083511 0.00501478 0.36836666 0.02374237 0.30967477
 0.0588872  0.00410342 0.00550519 0.0050343  0.00406613 0.00384611
 0.00478668 0.11591617 0.18167318 0.15685194 0.21566417 0.07369854]
10.0
655601
1.1920928955078125e-07
