[ 2.02348837e-01 -4.06518480e-04  7.32060210e-01  3.95037781e-01
  3.68657108e-03 -2.54521333e-01  1.11679289e-01  2.65553461e-02
 -1.71618326e-03 -1.66259013e-02  4.76511545e-02  2.93718734e-03
 -7.16526564e-02  1.36884267e-01  1.89416172e-01  3.35431998e-01
  7.78962538e-01  1.94048024e-01]
[0.00290849 0.01114178 0.00366199 0.36595802 0.02473703 0.32015953
 0.05582362 0.00404471 0.00364626 0.00357109 0.0029085  0.0038202
 0.00336579 0.09352428 0.12989147 0.16961708 0.24220983 0.15639339]
10.0
2786604
1.1920928955078125e-07
