[ 2.00646531e-01  4.12098742e-03  7.30272394e-01  3.79346187e-01
  2.03806811e-02 -2.36481170e-01  7.26618268e-02  3.17143582e-02
  3.35224559e-04 -1.99016009e-02  4.93534643e-02  4.32303506e-03
 -7.07394048e-02  8.30136168e-02  2.60016998e-01  1.95189870e-01
  8.15252709e-01  1.95581109e-01]
[0.00307538 0.01138666 0.0038608  0.39967008 0.01880452 0.34704267
 0.02896074 0.00458644 0.00377746 0.00381108 0.00307539 0.00392814
 0.00357487 0.08491655 0.13678736 0.0839906  0.26690014 0.15732914]
10.0
1966964
1.1920928955078125e-07
