[ 2.02070523e-01  7.43637266e-04  7.31400420e-01  3.87934155e-01
  9.76080565e-03 -2.46322026e-01  9.73687069e-02  2.72027918e-02
 -1.39311364e-03 -1.66697290e-02  4.79294638e-02  3.19748788e-03
 -7.11710287e-02  1.22227896e-01  2.09584587e-01  2.98673153e-01
  7.88340469e-01  1.96629901e-01]
[0.00295058 0.01114127 0.00369902 0.37801825 0.02299803 0.32989
 0.04835033 0.00411397 0.00359816 0.00358618 0.00295059 0.00385572
 0.00339492 0.08996665 0.12944274 0.14628027 0.24791399 0.15796658]
10.0
2622653
1.1920928955078125e-07
