[ 1.99824584e-01  5.71161744e-03  7.28894277e-01  3.76708224e-01
  2.13723554e-02 -2.38313057e-01  6.95031709e-02  3.44233761e-02
  5.57277032e-04 -2.09289537e-02  5.01754051e-02  4.03878993e-03
 -6.92380704e-02  8.34491874e-02  2.56845417e-01  1.86461546e-01
  8.15487009e-01  1.91663880e-01]
[0.00312323 0.01157318 0.00381377 0.40004768 0.01900149 0.34876935
 0.02819181 0.00456097 0.00376646 0.00390581 0.00312324 0.00388587
 0.00353237 0.08467944 0.13938787 0.08156658 0.26375796 0.15492884]
10.0
1803021
1.1920928955078125e-07
