[ 2.01264609e-01  3.52187484e-03  7.31589995e-01  3.90734669e-01
  1.52761758e-02 -2.45470561e-01  8.59497161e-02  2.84402217e-02
 -5.19734940e-04 -1.76815467e-02  4.87353823e-02  2.96458537e-03
 -7.19458176e-02  9.82272112e-02  2.40915334e-01  2.37962641e-01
  8.00033290e-01  1.96807329e-01]
[0.00306018 0.01113898 0.00381202 0.38708018 0.02013238 0.33612001
 0.03611732 0.00435684 0.00372622 0.00374977 0.00306018 0.00391262
 0.00351699 0.08699176 0.13187943 0.1104682  0.26180412 0.1580742 ]
10.0
2294818
1.1920928955078125e-07
