[ 0.20346655 -0.03987263  0.73660547  0.36666103 -0.01933265 -0.26028228
  0.06278571  0.23751727 -0.0536474   0.70324843  0.25       -0.01375969
  0.65437945  0.10178548  0.19156517  0.41518711  0.77793871  0.2238417 ]
[2.99650262e-03 9.41512833e-03 2.77860046e-03 3.91218114e-01
 3.28309513e-02 3.24715485e-01 4.47324763e-02 1.46070238e-03
 1.50671686e-02 3.15066863e-03 7.15846581e-10 1.08977701e-02
 3.73591021e-04 6.42601389e-02 9.15350007e-02 1.08096551e-01
 1.66735913e-01 1.73736593e-01]
10.0
1803051
1.1920928955078125e-07
