[ 0.2050387  -0.03412821  0.73942409  0.38239492 -0.0134496  -0.26288598
  0.06459041  0.23297637 -0.04651769  0.70944556  0.24999999 -0.01341632
  0.65500631  0.10534613  0.20480339  0.3903053   0.77658035  0.21273904]
[2.89183031e-03 9.57599718e-03 3.10101859e-03 3.88291699e-01
 3.10615557e-02 3.19296636e-01 4.16623813e-02 1.91098190e-03
 1.49797101e-02 3.91215394e-03 1.06405197e-09 1.12304617e-02
 3.94920976e-04 6.24336594e-02 9.12150892e-02 1.08003089e-01
 1.77172970e-01 1.67481142e-01]
10.0
2294882
1.1920928955078125e-07
