[ 0.1976903  -0.03584278  0.7351279   0.37488261 -0.02187679 -0.27497703
  0.05316691  0.24262752 -0.05047805  0.69693912  0.25       -0.01198081
  0.65441947  0.1109541   0.13628443  0.43626902  0.73420064  0.20562522]
[3.64421777e-03 8.75540702e-03 2.77065854e-03 3.77722926e-01
 3.30962445e-02 3.14655937e-01 5.50702375e-02 9.05267790e-04
 1.54213910e-02 2.23480501e-03 7.18187537e-10 1.02827632e-02
 3.73359395e-04 6.53533137e-02 9.97604462e-02 1.32492986e-01
 1.55721820e-01 1.63343487e-01]
10.0
1147369
1.1920928955078125e-07
