[ 0.2068501  -0.03093688  0.74092181  0.38622517 -0.0091124  -0.26056526
  0.06149844  0.23049277 -0.04256824  0.71310026  0.25       -0.011885
  0.65525998  0.11031452  0.21198945  0.37932008  0.77834668  0.20515515]
[2.78684287e-03 9.57683532e-03 3.26319799e-03 3.89220280e-01
 3.04596069e-02 3.18494077e-01 4.08968040e-02 2.13969085e-03
 1.48042934e-02 4.28561390e-03 1.04991557e-09 1.13244025e-02
 3.97208080e-04 5.98860148e-02 8.84105997e-02 1.10821156e-01
 1.79114374e-01 1.63066512e-01]
10.0
2786691
1.1920928955078125e-07
