[ 1.71577919e-01 -1.49766223e-02  7.39301094e-01  4.80651511e-01
 -2.43896136e-02 -3.50067864e-01  2.31929448e-02  2.47464392e-01
 -2.03800467e-02  6.95452195e-01  2.50000023e-01 -1.12972177e-04
  6.55809468e-01  1.79552309e-02  9.42496428e-02  2.58363393e-01
  6.34005120e-01  1.30680501e-01]
[5.70202956e-03 7.71313859e-03 3.86276790e-03 3.17151630e-01
 1.88927233e-02 2.61498790e-01 4.77507061e-02 3.31891038e-04
 1.72429050e-02 1.40002791e-03 4.37885990e-10 9.37539069e-03
 4.07991382e-04 8.38397528e-02 1.93262225e-01 1.33920828e-01
 2.28168835e-01 1.13603108e-01]
10.0
491726
1.1920928955078125e-07
