[ 0.1950236  -0.03319188  0.73497495  0.38041185 -0.01997387 -0.27947012
  0.04213541  0.24412035 -0.04684598  0.69569523  0.25000001 -0.01061336
  0.65425136  0.0996022   0.13102691  0.4097005   0.72700717  0.19296092]
[3.98052697e-03 8.68600781e-03 2.87593827e-03 3.75465698e-01
 3.16867179e-02 3.12860169e-01 5.49963389e-02 7.33173172e-04
 1.57567066e-02 1.94908623e-03 8.33909387e-10 1.02896340e-02
 3.72985092e-04 6.78156924e-02 1.12640117e-01 1.41564934e-01
 1.64109378e-01 1.55727006e-01]
10.0
983453
1.1920928955078125e-07
