[ 0.20407078 -0.03703516  0.73804542  0.37646234 -0.01759479 -0.26300649
  0.06639084  0.23540262 -0.0497323   0.7062292   0.25       -0.01307167
  0.6545943   0.10344505  0.19797809  0.40389673  0.77713124  0.22299661]
[2.98233133e-03 9.50599373e-03 2.96761756e-03 3.88256656e-01
 3.17018111e-02 3.20718721e-01 4.37091821e-02 1.67556070e-03
 1.50800362e-02 3.51428923e-03 8.11933169e-10 1.11322147e-02
 3.82327449e-04 6.54745297e-02 9.37374243e-02 1.07789149e-01
 1.73949323e-01 1.73269122e-01]
10.0
1967003
1.1920928955078125e-07
