[ 0.20720562 -0.02571053  0.74300987  0.40031642 -0.00536921 -0.26430035
  0.06008295  0.22749266 -0.03546559  0.71706018  0.24999999 -0.00972682
  0.65531658  0.10717984  0.22386125  0.35236209  0.77546401  0.20446809]
[2.74264620e-03 9.74366884e-03 3.52839316e-03 3.86178859e-01
 2.88984217e-02 3.14272120e-01 3.69039030e-02 2.39962258e-03
 1.48287532e-02 4.72696949e-03 1.08718101e-09 1.12347127e-02
 3.99822314e-04 5.72653469e-02 8.66468147e-02 1.08139300e-01
 1.85101778e-01 1.62660887e-01]
10.0
3278541
1.1920928955078125e-07
