[ 0.15661032 -0.01286512  0.74987484  0.55581344 -0.03607954 -0.39817179
  0.0265669   0.24989781 -0.00776164  0.69373172  0.25000002  0.00160151
  0.65660889  0.00268923  0.03096635  0.26050572  0.53827598  0.02274155]
[6.71397663e-03 6.37648634e-03 4.28398493e-03 2.53093151e-01
 1.50014797e-02 2.07377447e-01 5.50510287e-02 2.55375810e-05
 1.81612365e-02 8.78811589e-04 3.86024579e-10 8.43237658e-03
 4.16998883e-04 8.56718021e-02 2.43273976e-01 1.49946984e-01
 2.58544424e-01 2.22243764e-02]
10.0
327814
1.1920928955078125e-07
