[ 0.18995039 -0.02835695  0.73580549  0.40323205 -0.02077611 -0.29675121
  0.03617847  0.24481408 -0.04047449  0.69536162  0.25000003 -0.0077068
  0.65387942  0.08066234  0.12052557  0.37518712  0.70541084  0.17056133]
[4.41097597e-03 8.38460245e-03 3.08766633e-03 3.62683621e-01
 2.90053276e-02 3.01527258e-01 5.43859005e-02 6.51653994e-04
 1.59089987e-02 1.83071866e-03 9.10146376e-10 9.86451853e-03
 3.73482154e-04 6.97174227e-02 1.29573005e-01 1.51317945e-01
 1.77236995e-01 1.41470160e-01]
10.0
819541
1.1920928955078125e-07
