[ 0.20031032 -0.04001621  0.73453819  0.3641459  -0.02212097 -0.26697462
  0.05519754  0.24212374 -0.05564812  0.69683607  0.25       -0.01403813
  0.65435026  0.10798166  0.15454238  0.43818344  0.75423373  0.2063471 ]
[3.37974342e-03 8.74341618e-03 2.65686145e-03 3.85456320e-01
 3.35729183e-02 3.21830097e-01 5.17268720e-02 9.62207484e-04
 1.50450746e-02 2.32318649e-03 6.28613119e-10 1.05493273e-02
 3.74097521e-04 6.33809241e-02 9.44689194e-02 1.21226828e-01
 1.53620699e-01 1.63767974e-01]
10.0
1311276
1.1920928955078125e-07
