[ 0.10965574 -0.02028229  0.76766299  0.65138354 -0.06020275 -0.4618053
  0.03198226  0.24990543  0.00368177  0.69584511  0.25000008 -0.00109225
  0.65827696 -0.0775146  -0.11687319  0.23888518  0.31554741  0.        ]
[5.46352885e-03 6.88002417e-03 4.64114797e-03 1.63291785e-01
 1.59359188e-02 1.36548921e-01 4.20114900e-02 2.36332332e-05
 1.90183705e-02 9.20321481e-04 4.43976577e-10 8.23635404e-03
 4.81996168e-04 5.81598432e-02 2.78365760e-01 1.47983591e-01
 2.77919983e-01 0.00000000e+00]
10.0
163902
1.1920928955078125e-07
