[ 0.20706922 -0.02865934  0.74139877  0.38976818 -0.00785808 -0.26107181
  0.06050872  0.22944434 -0.03940713  0.71443449  0.24999999 -0.01162714
  0.65536335  0.10937887  0.21730594  0.36679366  0.77915708  0.20398342]
[2.76684259e-03 9.71594304e-03 3.36143641e-03 3.89076004e-01
 2.98215467e-02 3.17942531e-01 3.93591372e-02 2.23249658e-03
 1.49192713e-02 4.44707593e-03 1.12522187e-09 1.12770840e-02
 4.01792297e-04 5.93976873e-02 8.85493083e-02 1.10346369e-01
 1.81884563e-01 1.62374183e-01]
10.0
2950632
1.1920928955078125e-07
