[ 0.20186759 -0.04113503  0.7350103   0.36957716 -0.02291299 -0.27111424
  0.05792477  0.24087779 -0.05666726  0.69871391  0.25       -0.01314009
  0.65467574  0.10650476  0.16811694  0.4329411   0.76418091  0.22295358]
[3.19158409e-03 8.92631397e-03 2.62927491e-03 3.83865353e-01
 3.34513901e-02 3.19709076e-01 4.90036851e-02 1.10121000e-03
 1.49062955e-02 2.55323567e-03 6.58072055e-10 1.05718462e-02
 3.80120937e-04 6.32184503e-02 9.09506413e-02 1.14388828e-01
 1.53629497e-01 1.73245279e-01]
10.0
1475195
1.1920928955078125e-07
