[ 0.20715936 -0.02731268  0.74208855  0.39335692 -0.00655992 -0.26125824
  0.06059729  0.22852411 -0.0376486   0.71567211  0.24999999 -0.0104937
  0.65523316  0.10782781  0.22120556  0.35978818  0.7784546   0.20479557]
[2.75719376e-03 9.73478653e-03 3.45328533e-03 3.88657321e-01
 2.93775272e-02 3.17195753e-01 3.80687995e-02 2.31225310e-03
 1.48652673e-02 4.58075843e-03 1.09252472e-09 1.12877514e-02
 3.99180998e-04 5.82671565e-02 8.80356917e-02 1.09161979e-01
 1.84166056e-01 1.62854343e-01]
10.0
3114584
1.1920928955078125e-07
