[ 0.20546167 -0.0325295   0.7402975   0.38530339 -0.01155554 -0.26183128
  0.06368934  0.23161729 -0.0444094   0.7112631   0.24999999 -0.01232533
  0.65499604  0.1054276   0.20944244  0.3817928   0.77651645  0.20991098]
[2.86428241e-03 9.61043365e-03 3.20351755e-03 3.88838091e-01
 3.05553095e-02 3.18845175e-01 4.05572389e-02 2.03769369e-03
 1.49522901e-02 4.12543158e-03 1.05684164e-09 1.12680117e-02
 3.97143747e-04 6.14210595e-02 9.08782336e-02 1.07818808e-01
 1.80260518e-01 1.65848362e-01]
10.0
2458828
1.1920928955078125e-07
