[ 0.20642358 -0.03239265  0.74039253  0.38340147 -0.01049938 -0.26009807
  0.06278427  0.2313113  -0.04440891  0.71190388  0.25       -0.01305182
  0.65505731  0.10989856  0.20915154  0.38611877  0.77846389  0.20775438]
[2.81492660e-03 9.56088883e-03 3.20787011e-03 3.89531256e-01
 3.08062040e-02 3.19375297e-01 4.15874444e-02 2.06565446e-03
 1.48384496e-02 4.16044639e-03 1.06481238e-09 1.13234876e-02
 3.96990124e-04 6.07936499e-02 8.94101067e-02 1.09952171e-01
 1.78289166e-01 1.64592496e-01]
10.0
2622751
1.1920928955078125e-07
