[ 0.18124258 -0.02250442  0.73818364  0.43844552 -0.02151612 -0.3217294
  0.03290967  0.24562037 -0.03342185  0.69574664  0.25000005 -0.00402028
  0.65444824  0.05884152  0.09459675  0.34481115  0.66309668  0.17517189]
[4.84467615e-03 8.18493630e-03 3.35233026e-03 3.39167211e-01
 2.63092484e-02 2.80149332e-01 5.70839416e-02 5.55983295e-04
 1.68727318e-02 1.69754893e-03 5.32839108e-10 9.77605249e-03
 3.77882402e-04 7.62802436e-02 1.51988376e-01 1.64636704e-01
 1.90679076e-01 1.44486702e-01]
10.0
655636
1.1920928955078125e-07
