[ 0.20444474 -0.03451907  0.73903393  0.38310291 -0.01478483 -0.26449644
  0.06541525  0.23370838 -0.04662902  0.70834022  0.24999998 -0.01255491
  0.65480875  0.10200613  0.20484899  0.38845873  0.77695043  0.21850819]
[2.95454150e-03 9.57818342e-03 3.08572926e-03 3.87404506e-01
 3.08008079e-02 3.19028009e-01 4.15427245e-02 1.84133443e-03
 1.50704899e-02 3.80237035e-03 1.06377669e-09 1.11578116e-02
 3.90646483e-04 6.39916008e-02 9.37645207e-02 1.07042693e-01
 1.78835747e-01 1.70762362e-01]
10.0
2130959
1.1920928955078125e-07
