[ 0.20290097 -0.0428787   0.73538861  0.36554492 -0.02178218 -0.26692628
  0.05972546  0.23999701 -0.05820683  0.69996587  0.25000001 -0.01521454
  0.65437656  0.10445323  0.17918827  0.4319616   0.77384605  0.2248258 ]
[3.02896510e-03 9.19692473e-03 2.59498087e-03 3.87447288e-01
 3.40649776e-02 3.22447241e-01 4.71261712e-02 1.19752528e-03
 1.49229428e-02 2.70384753e-03 6.17030971e-10 1.07891265e-02
 3.74735831e-04 6.31944127e-02 8.83239303e-02 1.10022076e-01
 1.54117542e-01 1.74279162e-01]
10.0
1639109
1.1920928955078125e-07
