[ 1.95312532e-01 -1.37912371e-03  7.44031505e-01  1.76399467e-01
 -5.09385290e-02 -9.29163095e-01  1.06133868e-02  8.86482464e-04
 -1.27421847e-02 -6.03355736e-02  5.09822324e-02 -2.87168794e-02
  4.87249988e-02  5.00314944e-04 -7.76283653e-02  1.78634012e-01
  2.39933157e-01  8.81403639e-02  7.67754709e-01]
[0.00250675 0.01388685 0.00460707 0.06832449 0.02139507 0.01322491
 0.00430118 0.00375668 0.00188177 0.04786855 0.02137309 0.01188857
 0.00251369 0.00468636 0.00483939 0.12090113 0.10097937 0.04481392
 0.22582148]
10.0
1966689
1.1920928955078125e-07
