[ 1.90798059e-01 -5.90233336e-04  7.43872252e-01  1.78867768e-01
 -5.31554966e-02 -9.21805527e-01  2.64122396e-02 -2.53869344e-03
 -2.37511584e-02 -1.06511258e-01  5.32729734e-02 -5.20379582e-02
  5.43386589e-02 -3.24925585e-03 -7.81277867e-02  1.84524505e-01
  2.24085695e-01  1.09543290e-01  7.65842956e-01]
[0.00324714 0.01482814 0.00409255 0.0744181  0.02363572 0.01740159
 0.00520138 0.00492717 0.00287067 0.07094024 0.02362211 0.01887873
 0.00328992 0.00568068 0.00419487 0.1381092  0.14646822 0.06903431
 0.31059503]
10.0
819427
1.1920928955078125e-07
