[ 1.93573949e-01 -1.11075602e-02  7.48978643e-01  2.12963869e-01
 -7.63412611e-02 -9.17229556e-01  7.73090693e-03  2.87025464e-04
 -1.48524705e-02 -8.41608925e-02  7.63358776e-02 -3.60320792e-02
  4.98559272e-02  1.94451174e-03 -8.23142787e-02  1.86328762e-01
  2.19791455e-01  1.28815762e-01  7.31272878e-01]
[0.00248398 0.0138868  0.00500371 0.07074666 0.0247215  0.01204021
 0.00427101 0.00430001 0.00203304 0.05124252 0.02469833 0.01056643
 0.0024629  0.00493962 0.00538712 0.14094817 0.09377553 0.04977856
 0.19977366]
10.0
2950093
1.1920928955078125e-07
