[ 2.02278913e-01 -1.45937700e-03  7.41863051e-01  1.33698760e-01
 -6.47875997e-02 -9.12978458e-01  8.01203496e-03  1.94420003e-04
 -1.37693766e-02 -3.53768145e-02  6.45071980e-02 -5.12206371e-02
  4.23558641e-02 -3.17710043e-03 -7.54991675e-02  1.77900435e-01
  3.35778988e-01  9.78570538e-02  8.89731340e-01]
[0.00318406 0.01725055 0.00513636 0.07990046 0.03401159 0.03048552
 0.00419359 0.00399119 0.00258821 0.05411777 0.03390105 0.02631362
 0.00312865 0.00532318 0.00512349 0.12292242 0.14436743 0.05361298
 0.32901618]
10.0
2130559
1.1920928955078125e-07
