[ 1.94492195e-01 -1.45065177e-02  7.45259022e-01  1.67481563e-01
 -4.49721387e-02 -9.33475976e-01  1.87233250e-02 -3.49040916e-03
 -2.06481571e-02 -7.71760006e-02  4.47183439e-02 -3.37779350e-02
  5.01069391e-02 -3.47134325e-04 -8.02617129e-02  1.41553462e-01
  2.46663400e-01  8.00074640e-02  7.74295914e-01]
[0.00288401 0.01336028 0.00423793 0.06634522 0.02214045 0.01006439
 0.00469187 0.00403229 0.00304309 0.05667439 0.02210952 0.00992973
 0.00291235 0.00418254 0.00462638 0.11758311 0.10787084 0.03060856
 0.2675077 ]
10.0
983334
1.1920928955078125e-07
