[ 1.94550289e-01  8.68781044e-05  7.42557657e-01  1.75075147e-01
 -5.39519686e-02 -9.28573705e-01  1.45150740e-02 -1.80038989e-04
 -1.52260026e-02 -7.32619821e-02  5.38981415e-02 -3.46040091e-02
  4.95956770e-02 -5.51178098e-04 -7.64538529e-02  1.85276948e-01
  2.33652875e-01  9.61269473e-02  7.70622665e-01]
[0.00265871 0.01422299 0.00428178 0.06827778 0.02218763 0.01372337
 0.00445354 0.00405152 0.00215332 0.05458616 0.022171   0.01374741
 0.00266833 0.00478224 0.00446991 0.12811832 0.11223531 0.05136635
 0.24739545]
10.0
1475001
1.1920928955078125e-07
