[ 1.95175000e-01 -2.08915749e-03  7.43364886e-01  1.74928729e-01
 -5.22704214e-02 -9.29505155e-01  1.17970208e-02  6.30209007e-04
 -1.32326417e-02 -6.34361152e-02  5.22561944e-02 -3.00844640e-02
  4.89050670e-02  2.58136828e-04 -7.69830694e-02  1.77089863e-01
  2.38493783e-01  9.05303717e-02  7.69944332e-01]
[0.00254847 0.01392239 0.00448338 0.06802107 0.02141035 0.01325651
 0.00435787 0.00380047 0.00195486 0.04980673 0.02139011 0.01237672
 0.00255632 0.00469868 0.00470287 0.12224757 0.1041692  0.04660459
 0.23163662]
10.0
1802795
1.1920928955078125e-07
