[ 1.98773477e-01 -2.02703990e-02  7.43000767e-01  1.53110343e-01
 -5.12833564e-02 -9.31639654e-01  9.06417384e-03  9.18226379e-04
 -1.32667358e-02 -4.18781589e-02  5.10989697e-02 -2.79438427e-02
  4.56251301e-02  3.42420355e-03 -7.71786879e-02  1.34189187e-01
  2.76208279e-01  8.67039317e-02  8.19111635e-01]
[0.00245947 0.01443726 0.00441527 0.06932706 0.02484293 0.01180483
 0.00403964 0.00342493 0.00210002 0.04729974 0.02483096 0.01097986
 0.00244629 0.00456718 0.00468462 0.11252837 0.10453458 0.0344091
 0.25864791]
10.0
1966700
1.1920928955078125e-07
