[ 2.01077478e-01 -2.79527043e-03  7.42903204e-01  1.42589581e-01
 -6.54573404e-02 -9.12340370e-01  6.20210061e-03  8.14930580e-04
 -1.23429692e-02 -3.30861198e-02  6.51723183e-02 -4.78234560e-02
  4.33277227e-02 -1.74919735e-03 -7.66725566e-02  1.75605443e-01
  3.19497861e-01  9.78862393e-02  8.65647716e-01]
[0.00292432 0.01673404 0.00535011 0.07890952 0.0341145  0.02999461
 0.00398014 0.00376656 0.00231309 0.04845291 0.03401332 0.02493595
 0.00287891 0.00541138 0.00541816 0.12033206 0.12957734 0.05452731
 0.29788555]
10.0
2786133
1.1920928955078125e-07
