[ 1.95221140e-01 -1.53173517e-02  7.44414724e-01  1.63628440e-01
 -4.84490130e-02 -9.33842157e-01  1.59983663e-02 -2.24523053e-03
 -1.83453471e-02 -6.69740724e-02  4.82691883e-02 -3.10976326e-02
  4.90975259e-02  6.34320000e-04 -7.87820975e-02  1.42672868e-01
  2.48980707e-01  8.22356753e-02  7.80075978e-01]
[0.00277416 0.01352112 0.00425583 0.06589228 0.02282911 0.01009588
 0.00450973 0.00382568 0.00278663 0.05319243 0.02280361 0.00985622
 0.00279109 0.00433553 0.00460207 0.11500608 0.10505075 0.03091968
 0.25934615]
10.0
1147227
1.1920928955078125e-07
