[ 2.01652113e-01 -1.74950481e-03  7.43073220e-01  1.39446479e-01
 -6.23886337e-02 -9.13067785e-01  6.84897400e-03  6.88266746e-04
 -1.33862127e-02 -3.43609395e-02  6.21124030e-02 -4.86699748e-02
  4.28420805e-02 -2.32960779e-03 -7.67129705e-02  1.77630283e-01
  3.29173510e-01  9.47318058e-02  8.76635183e-01]
[0.00303334 0.01705011 0.00537772 0.08065623 0.03276295 0.02955041
 0.00407329 0.00387429 0.00242261 0.05091521 0.0326691  0.02482552
 0.00298107 0.00545887 0.00543156 0.12151752 0.13569229 0.05107753
 0.31228092]
10.0
2458341
1.1920928955078125e-07
