[ 1.93883270e-01 -6.62896613e-04  7.42810140e-01  1.71665952e-01
 -5.22521063e-02 -9.28555366e-01  1.62173261e-02 -3.93328558e-04
 -1.66659242e-02 -7.38509922e-02  5.22518489e-02 -3.60775960e-02
  5.04121961e-02 -4.52006616e-04 -7.68474278e-02  1.82088852e-01
  2.35236682e-01  9.52441729e-02  7.72619876e-01]
[0.00275359 0.01456266 0.00422331 0.06864952 0.02265442 0.01428154
 0.00461565 0.00422791 0.00229112 0.05673491 0.02263226 0.01460227
 0.00276893 0.00501335 0.00440624 0.12729184 0.11672981 0.05283153
 0.2575219 ]
10.0
1311107
1.1920928955078125e-07
