[ 2.04863086e-01 -1.43016923e-02  7.72215752e-01  2.50900705e-01
 -1.20711491e-01 -8.58213728e-01  8.97551170e-03  5.95081401e-03
 -2.29584041e-02 -8.10493673e-02  1.19493627e-01 -7.97571972e-02
  4.55766754e-02  6.05955238e-04 -1.06195876e-01  1.80704587e-01
  3.21238546e-01  2.03652455e-01  7.88570861e-01]
[0.00387408 0.01269805 0.00655893 0.10555365 0.051792   0.02860113
 0.00520656 0.00401318 0.00235769 0.06309973 0.05168533 0.02150244
 0.00377039 0.00383453 0.00650618 0.1123148  0.14844332 0.09518195
 0.35427956]
10.0
2950684
1.1920928955078125e-07
