[ 1.85530229e-01 -9.35280150e-03  7.82638131e-01  3.02629062e-01
 -7.83248818e-02 -8.78260581e-01  4.67606666e-02 -5.89848245e-04
 -5.29485550e-02 -2.19811056e-01  7.78706266e-02 -9.16529425e-02
  6.42907648e-02 -7.51336465e-04 -1.12328957e-01  1.81240935e-01
  2.16825149e-01  1.78179851e-01  6.08102152e-01]
[0.004288   0.0108952  0.00535481 0.07490626 0.0355544  0.02047859
 0.00593826 0.00525908 0.00539343 0.08504636 0.03544447 0.02158878
 0.00425365 0.00434714 0.00497287 0.1169478  0.15201381 0.06761186
 0.2783388 ]
10.0
327791
1.1920928955078125e-07
