[ 1.95087882e-01 -2.67197463e-02  7.73770386e-01  2.46731557e-01
 -6.07481922e-02 -8.84807697e-01  2.46964193e-02  5.28471703e-03
 -3.08078137e-02 -1.05377459e-01  6.03442524e-02 -6.37263313e-02
  5.49582255e-02  8.17768352e-04 -1.07770365e-01  1.17248121e-01
  3.10868647e-01  1.46471593e-01  7.64616101e-01]
[0.00497812 0.01164194 0.00585648 0.10453798 0.02884861 0.01916197
 0.00707934 0.00443155 0.00309665 0.07978036 0.0287959  0.01725028
 0.00486222 0.00410088 0.00579733 0.11422579 0.18378003 0.07167829
 0.43332679]
10.0
2130896
1.1920928955078125e-07
