[ 1.97960290e-01 -9.83127431e-03  8.09631822e-01  3.78733097e-01
 -8.52730251e-02 -8.26070357e-01  5.13914699e-02  5.99284473e-04
 -9.80989441e-02 -3.75661793e-01  8.52963529e-02 -1.72811622e-01
  5.18462711e-02 -5.54749904e-03 -1.39478204e-01  1.80141022e-01
  3.19981203e-01  2.06869651e-01  6.70558230e-01]
[0.00542855 0.01149315 0.00527559 0.07271392 0.05173603 0.04244759
 0.00555497 0.00701162 0.0055326  0.07436685 0.05173442 0.04285084
 0.00543603 0.00376242 0.00624524 0.15437666 0.21519384 0.13493526
 0.32813084]
10.0
163882
1.1920928955078125e-07
