[ 2.07553935e-01 -2.07500232e-02  7.77387134e-01  2.59578367e-01
 -7.91778575e-02 -8.78185382e-01  1.21026755e-02  8.26173386e-03
 -3.43389193e-02 -1.17413941e-01  7.89176775e-02 -7.00290320e-02
  4.25711324e-02  1.11966021e-04 -1.11192300e-01  1.35700880e-01
  3.50645210e-01  1.34648012e-01  7.93977551e-01]
[0.00371421 0.0117124  0.00618448 0.09120777 0.0380605  0.02587213
 0.00442874 0.00385506 0.00318817 0.06196683 0.03801537 0.02033314
 0.00365185 0.00368989 0.00638477 0.10885636 0.13196958 0.06904099
 0.32059783]
10.0
1147390
1.1920928955078125e-07
