[ 2.04059875e-01 -1.31470627e-02  7.72209453e-01  2.52331489e-01
 -1.18500338e-01 -8.57752062e-01  1.01017698e-02  5.61614201e-03
 -2.34183679e-02 -8.39897230e-02  1.17327340e-01 -8.07684020e-02
  4.63134525e-02  2.69256699e-05 -1.06358779e-01  1.82397553e-01
  3.16073239e-01  2.02193127e-01  7.82457146e-01]
[0.00392678 0.01267067 0.00656975 0.1053448  0.05196546 0.02923766
 0.00531417 0.00400166 0.00242217 0.0642123  0.05187995 0.02253755
 0.00382754 0.00375601 0.00649724 0.1135829  0.14929495 0.09748644
 0.34993745]
10.0
2622807
1.1920928955078125e-07
