[ 2.04274258e-01 -1.28963487e-02  7.72820306e-01  2.53317349e-01
 -1.17021282e-01 -8.59071277e-01  9.50525869e-03  5.95361564e-03
 -2.33906314e-02 -8.31683646e-02  1.15821255e-01 -7.87869840e-02
  4.61254586e-02  2.74142069e-05 -1.06763940e-01  1.81345840e-01
  3.18194184e-01  1.98225285e-01  7.81381377e-01]
[0.00390105 0.01262113 0.00658938 0.1045836  0.05105765 0.02849166
 0.00527608 0.00401322 0.00239388 0.06288405 0.05097227 0.02170017
 0.00380036 0.00376812 0.00654002 0.1113866  0.147197   0.09441485
 0.34657699]
10.0
2786753
1.1920928955078125e-07
