[ 2.04350135e-01 -9.20075225e-03  7.71536503e-01  2.54213201e-01
 -1.08518319e-01 -8.60179404e-01  1.17104949e-02  5.62033760e-03
 -2.50082968e-02 -9.48409791e-02  1.07438167e-01 -8.16458331e-02
  4.59650255e-02  4.52565651e-04 -1.05488165e-01  1.91366220e-01
  3.18885458e-01  1.98727286e-01  7.87775394e-01]
[0.00399153 0.01298349 0.00640325 0.10562685 0.04803375 0.03003025
 0.00534658 0.0040385  0.00263526 0.06977613 0.04791752 0.02332092
 0.00389715 0.00375547 0.00629716 0.12516409 0.15552873 0.09783261
 0.35988163]
10.0
1967059
1.1920928955078125e-07
