[ 1.91966839e-01 -2.48993543e-02  7.75980879e-01  2.57643601e-01
 -6.13120712e-02 -8.81015700e-01  2.90917361e-02  6.20756168e-03
 -3.40012006e-02 -1.22288647e-01  6.08949593e-02 -6.97156519e-02
  5.80219115e-02 -5.67196351e-05 -1.09555569e-01  1.20979840e-01
  2.96544188e-01  1.53714248e-01  7.39957268e-01]
[0.0052335  0.01163783 0.0057852  0.10346894 0.02974936 0.02045366
 0.00739799 0.00460313 0.00334674 0.08317639 0.02968044 0.0186677
 0.0051098  0.00409271 0.00578728 0.12009142 0.1887713  0.0779537
 0.43609146]
10.0
1803041
1.1920928955078125e-07
