[ 2.08818473e-01 -2.01011370e-02  7.76209428e-01  2.54782104e-01
 -7.69220358e-02 -8.79558314e-01  1.37676188e-02  7.98855760e-03
 -3.62437433e-02 -1.26406881e-01  7.67116173e-02 -7.37239025e-02
  4.12508178e-02  1.97945762e-04 -1.09543385e-01  1.37564913e-01
  3.51637717e-01  1.35316126e-01  8.01940061e-01]
[0.00366712 0.011741   0.00597346 0.08890086 0.03987568 0.02676974
 0.00448042 0.00391282 0.00338477 0.06481812 0.03983768 0.02219841
 0.00360717 0.00371154 0.00619649 0.10930045 0.13459596 0.07391319
 0.31495435]
10.0
983463
1.1920928955078125e-07
