[ 2.09072316e-01 -1.96529053e-02  7.72529918e-01  2.63303079e-01
 -9.39269816e-02 -8.71539399e-01  4.52081667e-03  6.29363579e-03
 -2.37383966e-02 -9.28877524e-02  9.37164036e-02 -6.64755503e-02
  4.12121330e-02  8.04841927e-04 -1.07385349e-01  1.56196268e-01
  3.34274591e-01  1.63341553e-01  7.99525694e-01]
[0.0034805  0.01138442 0.00612787 0.0972432  0.03813292 0.02689219
 0.00456117 0.00386861 0.00223781 0.05948154 0.03807122 0.02014707
 0.00341552 0.00418194 0.00609968 0.12085641 0.13311105 0.08237784
 0.32858641]
10.0
3114572
1.1920928955078125e-07
