[ 2.04707611e-01 -1.29460408e-02  7.71641008e-01  2.49542119e-01
 -1.15088888e-01 -8.59331837e-01  9.83141105e-03  5.97915770e-03
 -2.34634235e-02 -8.29695150e-02  1.13951502e-01 -7.98418568e-02
  4.56704727e-02  6.08565348e-04 -1.05924508e-01  1.83219627e-01
  3.20884142e-01  1.99296333e-01  7.90667751e-01]
[0.0039109  0.01280453 0.00653191 0.10625445 0.05069813 0.02907952
 0.00525948 0.00398759 0.00245387 0.06535916 0.05060096 0.02219568
 0.00381321 0.00372694 0.00644754 0.11542211 0.15144895 0.09560952
 0.35802161]
10.0
2458869
1.1920928955078125e-07
