[ 2.04083446e-01 -1.06015284e-02  7.71518818e-01  2.53882089e-01
 -1.16394014e-01 -8.56920927e-01  1.13828891e-02  5.72707865e-03
 -2.42791842e-02 -9.17180688e-02  1.15327518e-01 -8.38897258e-02
  4.62467866e-02  4.87153431e-04 -1.05470055e-01  1.91743301e-01
  3.13524121e-01  2.05745175e-01  7.83573533e-01]
[0.00397445 0.01294953 0.00643    0.10507796 0.05184893 0.03075598
 0.00532664 0.00406617 0.00257255 0.06774468 0.05174162 0.02388642
 0.00387628 0.00374908 0.00633836 0.12154334 0.15316022 0.10190118
 0.35459865]
10.0
2131000
1.1920928955078125e-07
