[ 2.09044908e-01 -2.04304688e-02  7.73151968e-01  2.60017170e-01
 -9.11299125e-02 -8.75146433e-01  4.93086170e-03  6.60421778e-03
 -2.46647741e-02 -9.13284772e-02  9.09295784e-02 -6.34757032e-02
  4.12459169e-02  6.70909487e-04 -1.07835225e-01  1.51194697e-01
  3.40148492e-01  1.56132957e-01  8.01380708e-01]
[0.00350805 0.01140924 0.00616759 0.09629579 0.03683028 0.02507909
 0.00455164 0.00386848 0.00232271 0.05795345 0.03677145 0.0181374
 0.00344184 0.00420771 0.00615184 0.11671481 0.13109337 0.07484738
 0.33015157]
10.0
2786717
1.1920928955078125e-07
