[ 2.04030484e-01 -8.94041860e-03  7.72020819e-01  2.57262250e-01
 -1.09821697e-01 -8.57495685e-01  1.21433207e-02  5.29532941e-03
 -2.56479464e-02 -9.84870905e-02  1.08711309e-01 -8.45509495e-02
  4.62311597e-02  4.86365798e-04 -1.05826164e-01  1.92941391e-01
  3.17593293e-01  2.02118792e-01  7.85434269e-01]
[0.00402514 0.01302395 0.00648169 0.10612818 0.04893959 0.03138873
 0.00536763 0.00403236 0.00273224 0.07087515 0.04881651 0.02437988
 0.00393464 0.00390163 0.00637518 0.12817529 0.15754968 0.10091542
 0.36075646]
10.0
1803112
1.1920928955078125e-07
