[ 1.99198451e-01 -2.30128047e-02  7.72047213e-01  2.41134977e-01
 -5.38989884e-02 -8.89443406e-01  1.71524143e-02  2.54103986e-03
 -2.51671920e-02 -8.36237451e-02  5.36203378e-02 -5.32131169e-02
  5.09326147e-02  3.83790576e-04 -1.06224970e-01  1.24724642e-01
  3.17372502e-01  1.28259635e-01  7.74459583e-01]
[0.00453032 0.01133253 0.00591179 0.10035855 0.02795339 0.01952734
 0.00662044 0.00450852 0.00259022 0.06819571 0.02790783 0.01681152
 0.00442237 0.00434567 0.00589792 0.10420798 0.16047856 0.06361782
 0.3892027 ]
10.0
3278408
1.1920928955078125e-07
