[ 2.04645178e-01 -1.27690267e-02  7.71270193e-01  2.49314309e-01
 -1.14694279e-01 -8.59274234e-01  1.04389501e-02  5.87119771e-03
 -2.37034793e-02 -8.53450008e-02  1.13589536e-01 -8.08657666e-02
  4.57242795e-02  6.56398571e-04 -1.05453539e-01  1.84485702e-01
  3.20322998e-01  2.01063033e-01  7.92050076e-01]
[0.00394488 0.01291136 0.00646565 0.1061664  0.05059597 0.02957304
 0.00528964 0.00403512 0.002502   0.06677125 0.05049509 0.02276313
 0.00384531 0.00374449 0.00638568 0.11832882 0.15361025 0.0976918
 0.36045828]
10.0
2294929
1.1920928955078125e-07
