[ 2.07214556e-01 -1.02006809e-02  7.75790253e-01  2.71118422e-01
 -7.40556929e-02 -8.85214445e-01  2.08243270e-02  7.02775841e-03
 -4.22736590e-02 -1.68221343e-01  7.39996384e-02 -7.73641255e-02
  4.25980977e-02 -5.30199118e-04 -1.08727621e-01  1.60219089e-01
  3.14144117e-01  1.37478858e-01  7.53328945e-01]
[0.00362319 0.01142222 0.00503508 0.07129572 0.03998114 0.02612911
 0.00459599 0.00426312 0.00395837 0.06654076 0.03992437 0.02453565
 0.00357779 0.00384069 0.00523436 0.11702774 0.11221004 0.08013599
 0.24635427]
10.0
655621
1.1920928955078125e-07
