[ 2.08768502e-01 -1.91553481e-02  7.72946865e-01  2.66403474e-01
 -9.45506490e-02 -8.70732719e-01  4.23445472e-03  6.29166794e-03
 -2.33670316e-02 -9.32004465e-02  9.43689075e-02 -6.62601319e-02
  4.15229498e-02  4.71369354e-04 -1.07764976e-01  1.57076800e-01
  3.31018012e-01  1.63553141e-01  7.93590480e-01]
[0.00347555 0.01127606 0.00614007 0.09649222 0.03820845 0.02721326
 0.0045821  0.00386924 0.00221337 0.0585955  0.03815161 0.02028906
 0.00341062 0.00415516 0.00613062 0.12055126 0.13120132 0.08318123
 0.32306307]
10.0
3278508
1.1920928955078125e-07
