[ 2.08885033e-01 -1.98283411e-02  7.73393136e-01  2.62318072e-01
 -9.08989816e-02 -8.75088003e-01  4.54497018e-03  6.52720945e-03
 -2.42168569e-02 -9.11118955e-02  9.06843500e-02 -6.26234049e-02
  4.14144445e-02  6.31654235e-04 -1.08037204e-01  1.51688259e-01
  3.37176182e-01  1.54978983e-01  7.96290952e-01]
[0.00349487 0.01128774 0.00615273 0.09513757 0.03679289 0.02521715
 0.00457891 0.00388973 0.00228069 0.05685723 0.03673437 0.01826778
 0.00342863 0.00418561 0.00615197 0.11571867 0.12893445 0.07524684
 0.32356899]
10.0
2950648
1.1920928955078125e-07
