[ 1.97832955e-01 -1.45135913e-02  7.75295743e-01  2.51883800e-01
 -7.63588266e-02 -8.89978472e-01  3.01305876e-02  1.95854443e-03
 -4.06539875e-02 -1.48607181e-01  7.57127288e-02 -7.23820342e-02
  5.22090433e-02 -5.90068185e-04 -1.05946169e-01  1.56547048e-01
  3.00754388e-01  1.56498453e-01  7.39680842e-01]
[0.00437654 0.01188332 0.00528731 0.08823193 0.03268252 0.01774778
 0.00591324 0.00446734 0.00441714 0.0852481  0.0325477  0.01744942
 0.00432073 0.0037061  0.00496911 0.10786987 0.16927485 0.0564852
 0.37658736]
10.0
491701
1.1920928955078125e-07
