[ 1.89464816e-01 -2.15006853e-02  7.77855516e-01  2.69443800e-01
 -6.32906084e-02 -8.77642023e-01  3.19912406e-02  6.40906673e-03
 -3.60911069e-02 -1.35974125e-01  6.28661666e-02 -7.37782467e-02
  6.04471640e-02 -4.86629384e-04 -1.11165948e-01  1.29397394e-01
  2.78790722e-01  1.59217702e-01  7.11268459e-01]
[0.00536055 0.01152484 0.00575967 0.10039807 0.03116267 0.0215781
 0.00763251 0.00477815 0.00349849 0.08351981 0.03108681 0.01992526
 0.00523782 0.00423233 0.00580557 0.12335321 0.18645414 0.08396028
 0.41825455]
10.0
1639115
1.1920928955078125e-07
